-179.983930878	-30.0024165664	0
-179.446195892	-29.9681216515	0
-178.916476494	-29.9519721451	0
-178.394904705	-29.9461139389	0
-177.834708303	-29.9472445164	0
-177.254859272	-29.953705544	0
-176.661850664	-29.9638190535	0
-176.066353879	-29.9761455962	0
-175.384291856	-29.9917819347	0
-174.860111595	-30.004409384	0
-174.275763234	-30.0188440582	0
-173.732511425	-30.0324667722	0
-173.224300521	-30.0452913814	0
-172.654378953	-30.0575475332	0
-172.112513832	-30.0645542332	0
-171.536663531	-30.0682517201	0
-170.843860946	-30.0690816499	0
-170.342045311	-30.0680411843	0
-169.837769959	-30.0662143316	0
-169.331488243	-30.0638648905	0
-168.824067986	-30.0612625979	0
-168.316016241	-30.0585603401	0
-167.807614111	-30.0558197161	0
-167.299017627	-30.0531283744	0
-166.790658492	-30.0496368016	0
-166.282820129	-30.0428201869	0
-165.77460584	-30.0356891194	0
-165.266123471	-30.0294104085	0
-164.75749103	-30.0236244979	0
-164.248825683	-30.0183196465	0
-163.740682584	-30.0135498371	0
-163.233592532	-30.0058950763	0
-162.727252543	-29.9950770048	0
-162.221406249	-29.9790784867	0
-161.71539476	-29.9530615988	0
-161.209656181	-29.921155281	0
-160.704205223	-29.886486191	0
-160.198111681	-29.8514001747	0
-159.691660247	-29.8154955446	0
-159.184936856	-29.7802654164	0
-158.678099425	-29.7470821816	0
-158.171430196	-29.7115393889	0
-157.664697751	-29.6764737537	0
-157.158583598	-29.6422608432	0
-156.652181973	-29.611802719	0
-156.145614486	-29.5839806733	0
-155.639446418	-29.5553594797	0
-155.133270766	-29.5268608446	0
-154.626443849	-29.5002096068	0
-154.11997456	-29.4744756331	0
-153.612986663	-29.455088429	0
-153.106060201	-29.4360655134	0
-152.599177764	-29.4167720828	0
-152.092075525	-29.4025296292	0
-151.482926281	-29.3906173685	0
-150.873186189	-29.3822023952	0
-150.26301506	-29.3752574536	0
-149.754370587	-29.3702614389	0
-149.245643248	-29.3658664375	0
-148.736891784	-29.3619192781	0
-148.22825251	-29.3584221262	0
-147.71952493	-29.355238881	0
-147.210748077	-29.3522879172	0
-146.70194335	-29.3495564731	0
-146.193123439	-29.3470730233	0
-145.684442633	-29.3447143251	0
-145.17614344	-29.3415992948	0
-144.66788516	-29.3379337727	0
-144.159397013	-29.3337724647	0
-143.650819265	-29.3293540955	0
-143.143234283	-29.3209699764	0
-142.636479594	-29.3070104062	0
-142.129430746	-29.2958766137	0
-141.621623523	-29.2875450012	0
-141.11336409	-29.2806428679	0
-140.604854273	-29.2747986304	0
-140.096202007	-29.2698235927	0
-139.587958897	-29.2642883284	0
-139.080365729	-29.2528653606	0
-138.573374783	-29.2377920246	0
-138.066429362	-29.2217052667	0
-137.559080109	-29.2096850281	0
-137.051088935	-29.201288637	0
-136.542901997	-29.1955454414	0
-136.034549469	-29.1902726748	0
-135.525996866	-29.1851869742	0
-135.01733843	-29.1803760557	0
-134.508700046	-29.1758068089	0
-134.000474166	-29.1704195383	0
-133.492854133	-29.161072737	0
-132.986120701	-29.1486777561	0
-132.479777651	-29.1329750585	0
-131.973337406	-29.1149215773	0
-131.46663677	-29.0941797206	0
-130.959930164	-29.0762381084	0
-130.452880454	-29.0620585462	0
-129.945496875	-29.0498873133	0
-129.437568253	-29.0415103576	0
-128.929530726	-29.0347459692	0
-128.421437074	-29.0279194907	0
-127.913037826	-29.0224918116	0
-127.404626448	-29.0179413522	0
-126.89664999	-29.0131677228	0
-126.388362454	-29.0080245902	0
-125.879872783	-29.0040902961	0
-125.269675782	-29.0008675879	0
-124.761657795	-28.9976737804	0
-124.253408915	-28.9937910522	0
-123.744907481	-28.9895735766	0
-123.236262079	-28.9851371379	0
-122.727536605	-28.9806379014	0
-122.218767088	-28.97619765	0
-121.71033922	-28.9713332186	0
-121.202638907	-28.9626692257	0
-120.695824135	-28.9473314351	0
-120.190425177	-28.9155161188	0
-119.685346682	-28.8752995366	0
-119.180957181	-28.8354505607	0
-118.677308804	-28.7876927955	0
-118.173539975	-28.7399336299	0
-117.669283718	-28.6955983014	0
-117.16516808	-28.6542276277	0
-116.659461895	-28.6179185146	0
-116.15375789	-28.5800117001	0
-115.64807918	-28.5411964049	0
-115.142429786	-28.5005116798	0
-114.636832834	-28.4593180428	0
-114.130721371	-28.422836811	0
-113.624572813	-28.3986544013	0
-113.117348251	-28.3828752467	0
-112.609396765	-28.3728668635	0
-112.101039487	-28.3669298573	0
-111.592461112	-28.3638067023	0
-111.083850468	-28.3625349469	0
-110.57519188	-28.3624862584	0
-110.066451477	-28.3632506232	0
-109.557665473	-28.3645241454	0
-109.048854402	-28.3660949342	0
-108.540029045	-28.3678184008	0
-108.03120879	-28.3695796321	0
-107.523754939	-28.3689086113	0
-107.017139516	-28.351970964	0
-106.510544089	-28.3260879982	0
-106.004334205	-28.2968083761	0
-105.498605376	-28.2654813719	0
-104.993285242	-28.2316044022	0
-104.487985864	-28.1931996915	0
-103.982322301	-28.1515669487	0
-103.47641711	-28.1107249801	0
-102.970407848	-28.0743877564	0
-102.46449989	-28.0382604238	0
-101.958803865	-28.0032429489	0
-101.452399854	-27.9722525447	0
-100.946084706	-27.9412258194	0
-100.439119772	-27.9111169566	0
-99.9321848971	-27.8845103954	0
-99.4248448758	-27.867203051	0
-98.916824423	-27.8567079457	0
-98.4084224313	-27.8508449568	0
-97.8998730245	-27.8480548851	0
-97.3913206173	-27.8465036632	0
-96.8838505373	-27.8444922502	0
-96.3768251863	-27.8415494525	0
-95.8698304102	-27.8378882215	0
-95.3628406628	-27.8337525114	0
-94.8558546435	-27.8293420243	0
-94.3488718291	-27.824825257	0
-93.841891128	-27.820337728	0
-93.3349117992	-27.8159451193	0
-92.8279323375	-27.811715953	0
-92.3209525153	-27.8077330064	0
-91.8137913557	-27.8045520008	0
-91.3067730191	-27.8007024655	0
-90.8006956179	-27.7852352083	0
-90.1939840979	-27.7559178441	0
-89.5872779099	-27.7207332273	0
-89.0808479675	-27.6928676314	0
-88.5747376393	-27.6605867708	0
-88.0690963556	-27.6252442494	0
-87.5627904887	-27.5930044299	0
-87.0563528159	-27.5631563185	0
-86.5504091382	-27.5374865636	0
-86.0440722284	-27.5098965179	0
-85.5371397666	-27.4830011305	0
-84.9290149244	-27.4531351284	0
-84.422381735	-27.431096713	0
-83.9153626918	-27.407664578	0
-83.4087559753	-27.3907302865	0
-82.9015463595	-27.3787710579	0
-82.3937721417	-27.3695394947	0
-81.8865678612	-27.3598111227	0
-81.3798800787	-27.3458601484	0
-80.8729645847	-27.3291650657	0
-80.3656546076	-27.3127409344	0
-79.8578533282	-27.3009822656	0
-79.3497675958	-27.2932153659	0
-78.8415915722	-27.286733452	0
-78.3331288739	-27.280951014	0
-77.8245053464	-27.2757488246	0
-77.3157906563	-27.2710079778	0
-76.8070516482	-27.2665708103	0
-76.2988587157	-27.2612453079	0
-75.7920021025	-27.2533564542	0
-75.2884981496	-27.2290872038	0
-74.6849642838	-27.1659736668	0
-74.1827175139	-27.1012909236	0
-73.6805853204	-27.0337376234	0
-73.1794529737	-26.9591560077	0
-72.6786293197	-26.8806611876	0
-72.1785351624	-26.7997678256	0
-71.6778188312	-26.7223573549	0
-71.17599497	-26.6470471321	0
-70.6741057815	-26.5771132174	0
-70.1711680458	-26.5150985577	0
-69.6673520115	-26.4558482433	0
-69.1633118342	-26.3972137407	0
-68.6591409031	-26.3389737295	0
-68.1549251126	-26.2812005402	0
-67.6508628695	-26.2276729045	0
-67.1453399414	-26.1834141246	0
-66.6387029953	-26.1468072648	0
-66.1316986483	-26.1144582254	0
-65.6246049433	-26.0833830407	0
-65.1181414513	-26.0504843265	0
-64.6118180591	-26.0186384103	0
-64.1052426439	-25.9880907256	0
-63.6001388033	-25.9547307657	0
-63.1012655769	-25.9008279933	0
-62.6062753726	-25.8097824944	0
-62.1127191212	-25.7000087818	0
-61.6192313591	-25.5871565805	0
-61.1263173249	-25.469550871	0
-60.6357062773	-25.3449556186	0
-60.0495148932	-25.1854050174	0
-59.5607957594	-25.0512610089	0
-59.0724241848	-24.9175811778	0
-58.5833777141	-24.7878885341	0
-58.0939605263	-24.6594931577	0
-57.6038091517	-24.532328762	0
-57.1120869009	-24.4088138526	0
-56.6222412714	-24.2861106903	0
-56.0510100452	-24.1114653758	0
-55.49774238	-23.8901900248	0
-55.0433509731	-23.681385407	0
-54.5925923944	-23.4601188184	0
-54.1448671869	-23.2288618802	0
-53.7001883379	-22.9914563697	0
-53.2572817621	-22.7497788153	0
-52.8144713992	-22.5055069604	0
-52.280974336	-22.2133459919	0
-51.8352553627	-21.9703179057	0
-51.3883599684	-21.7291174535	0
-50.9403028441	-21.4893873921	0
-50.4953272207	-21.2487173147	0
-50.0636338864	-20.9873606493	0
-49.6408009552	-20.70994029	0
-49.2246201023	-20.4229387702	0
-48.8131844648	-20.1295713452	0
-48.404457596	-19.8317842216	0
-47.9973584462	-19.5313507814	0
-47.5911116599	-19.2292751615	0
-47.1852771539	-18.926068377	0
-46.7790707658	-18.6219701587	0
-46.3810747949	-18.3125902034	0
-46.0033793035	-17.9803397777	0
-45.6404299315	-17.6297704018	0
-45.2874620413	-17.2684301556	0
-44.9409213089	-16.899914992	0
-44.5992196069	-16.5268300782	0
-44.2606164266	-16.1509497818	0
-43.9245296465	-15.7731156211	0
-43.5895123955	-15.3931279422	0
-43.2554188559	-15.01180264	0
-42.8552477661	-14.5526783122	0
-42.522326286	-14.1690538321	0
-42.1899964379	-13.784834427	0
-41.8580288348	-13.4000670962	0
-41.5261411452	-13.0148826739	0
-41.1943140913	-12.6294098355	0
-40.8627863405	-12.243564297	0
-40.5300867303	-11.8597816858	0
-40.1884494908	-11.4842231712	0
-39.8393158631	-11.1150119695	0
-39.4851444286	-10.7502281866	0
-39.1276583215	-10.3884483219	0
-38.7680215946	-10.0286683973	0
-38.4067961482	-9.67046197223	0
-38.0449497845	-9.31294074117	0
-37.6829077855	-8.95551366824	0
-37.3202643493	-8.5986522272	0
-36.9569509017	-8.24245630836	0
-36.5934604069	-7.8866693992	0
-36.2281673636	-7.5362565644	0
-35.8480057101	-7.2063240985	0
-35.4467649353	-6.90119034273	0
-35.031028384	-6.6157421925	0
-34.6060111897	-6.3431545808	0
-34.176646043	-6.07551845493	0
-33.7428201746	-5.81303190281	0
-33.3069426755	-5.55351958997	0
-32.8672892682	-5.30132006853	0
-32.4271008975	-5.04979925203	0
-31.9849352662	-4.80307699249	0
-31.54084441	-4.55891285944	0
-31.094652754	-4.31766156028	0
-30.6436353199	-4.09032205545	0
-30.1816986127	-3.88887360317	0
-29.7108634205	-3.70723873994	0
-29.2321876439	-3.55042023396	0
-28.7497028048	-3.40258010715	0
-28.2662213088	-3.25631968917	0
-27.782756172	-3.11034687171	0
-27.2979004854	-2.96757663871	0
-26.810901541	-2.83317080947	0
-26.3204874753	-2.71008412073	0
-25.8315000463	-2.58300212733	0
-25.3411142171	-2.46391736429	0
-24.8484697991	-2.3549691968	0
-24.3534630724	-2.25238113765	0
-23.8556650889	-2.1595301854	0
-23.3569751687	-2.07707459542	0
-22.8559997243	-2.01157044395	0
-22.3525059186	-1.95862547864	0
-21.8473915967	-1.91191474696	0
-21.3412609139	-1.87274202235	0
-20.8350888044	-1.83603208931	0
-20.3283068787	-1.80105139426	0
-19.8213006417	-1.77003362046	0
-19.3144684798	-1.74814931018	0
-18.8075949326	-1.72669196006	0
-18.3003461296	-1.71037457228	0
-17.792605488	-1.69850728781	0
-17.2846701227	-1.69010187782	0
-16.776385429	-1.68310121895	0
-16.2678620098	-1.67712094102	0
-15.7592036624	-1.67191204935	0
-15.2504691597	-1.66732592261	0
-14.7416922915	-1.66327191054	0
-14.2330504178	-1.65961553018	0
-13.7243324031	-1.65629181741	0
-13.2155607118	-1.65326898408	0
-12.7067591406	-1.65047205587	0
-12.1979400805	-1.64787754688	0
-11.6894144384	-1.64540257009	0
-11.1815189226	-1.64236197264	0
-10.6741832055	-1.63861582995	0
-10.1663228274	-1.63440601112	0
-9.6584290722	-1.62967327918	0
-9.15121210942	-1.61935772857	0
-8.64405389931	-1.60416213879	0
-8.13761823648	-1.58487261593	0
-7.63187072392	-1.55952293224	0
-7.1257607821	-1.53145686594	0
-6.61877389765	-1.50365063446	0
-6.11170469871	-1.47825537503	0
-5.60459434699	-1.45999326572	0
-5.09768786205	-1.44373016889	0
-4.59040054043	-1.43126196328	0
-4.08321516996	-1.4172734523	0
-3.57628687806	-1.40014664784	0
-3.06987989272	-1.38260878926	0
-2.56368730354	-1.36727164322	0
-2.05728778191	-1.34962957155	0
-1.55038683165	-1.33159033414	0
-1.04324483738	-1.31904445939	0
-0.535359240439	-1.30971971541	0
-0.0270578830283	-1.30243770227	0
0.481432123557	-1.29627507689	0
0.990068208533	-1.29051361955	0
1.4987863945	-1.28510003936	0
2.00755112685	-1.28005401937	0
2.51618628087	-1.27535933245	0
3.02489221897	-1.27108611904	0
3.53365470898	-1.2672059078	0
4.04244951296	-1.2637134932	0
4.55126355732	-1.26053679168	0
5.0600090983	-1.25774003888	0
5.56873208579	-1.25646323018	0
6.07750846274	-1.25657517887	0
6.58631415104	-1.25758045471	0
7.09513560187	-1.25913561486	0
7.70573267627	-1.26140200744	0
8.2145459249	-1.26342738252	0
8.82493339914	-1.26594635731	0
9.33367820787	-1.2680093772	0
9.84246701254	-1.27000309884	0
10.3512801487	-1.27190948805	0
10.8601072358	-1.27371852172	0
11.368942004	-1.27542094633	0
11.8777371796	-1.27697990206	0
12.3863950974	-1.27846794233	0
12.8951365849	-1.27984347078	0
13.4038484136	-1.28112336261	0
13.9117751434	-1.27838200467	0
14.4188707754	-1.26941581443	0
14.9254646669	-1.25547663521	0
15.4322525502	-1.23875411254	0
15.9394385411	-1.22023330925	0
16.4462483414	-1.19934634871	0
16.9534758421	-1.17781192342	0
17.4607128258	-1.16202397801	0
17.9686337044	-1.15078107291	0
18.4764825571	-1.14027443179	0
18.9845125311	-1.12834908928	0
19.4927101226	-1.12007562648	0
20.0009994924	-1.11374595651	0
20.5093361179	-1.10770844055	0
21.0178226975	-1.10303491263	0
21.5264524138	-1.09987056265	0
22.0345248735	-1.09684241725	0
22.5413348347	-1.0931531375	0
23.0471621511	-1.08895773298	0
23.5537340321	-1.08496713427	0
24.0612997274	-1.08087065097	0
24.5694163972	-1.07676943373	0
25.0778508861	-1.07277830287	0
25.5864621579	-1.06892212944	0
26.0951726664	-1.06528040534	0
26.6038037692	-1.06169686723	0
27.1113969238	-1.05564491468	0
27.6179193901	-1.04460622261	0
28.1243876521	-1.03588648383	0
28.6317484761	-1.0287345957	0
29.1397567898	-1.02235835403	0
29.648126066	-1.01655281692	0
30.1566969931	-1.01122567094	0
30.6653811212	-1.00634527759	0
31.1740897381	-1.00188962197	0
31.6827493356	-0.998453174916	0
32.1914904441	-0.996188440035	0
32.7002779438	-0.994751465856	0
33.3108557225	-0.993771996319	0
33.8196853791	-0.993354317757	0
34.3284075877	-0.993145922017	0
34.8371273326	-0.993103691082	0
35.3459034681	-0.993156757654	0
35.8547106837	-0.993270207061	0
36.3635354243	-0.99342023329	0
36.872369483	-0.993603581129	0
37.381208865	-0.993847325189	0
37.8898683235	-0.994098839896	0
38.5003421155	-0.994469836127	0
39.0091269288	-0.994822244101	0
39.5179393257	-0.995167116333	0
40.026767182	-0.995429642509	0
40.5356032774	-0.995623995339	0
41.0443277914	-0.995880302881	0
41.5530767768	-0.996668642587	0
42.0618669651	-0.997967705438	0
42.5706797097	-0.999597984845	0
43.0793761231	-1.00151110023	0
43.5878370348	-1.00293114833	0
44.0948117245	-1.00363932396	0
44.6016227689	-1.0040853055	0
45.1093245914	-1.00420318019	0
45.6175364178	-1.00410675273	0
46.12603077	-1.00387600382	0
46.6346820213	-1.0035635695	0
47.1434199954	-1.00320488889	0
47.6522042484	-1.0028187098	0
48.1608277227	-1.00242774484	0
48.6695360529	-1.00206682764	0
49.1783056092	-1.00173414503	0
49.6871093691	-1.00143107971	0
50.1959318449	-1.00116575022	0
50.7047649539	-1.00094461576	0
51.2136038196	-1.00077061506	0
51.7222651821	-1.0005600669	0
52.2309861713	-1.00034864355	0
52.7397630335	-1.00013598461	0
53.2485706627	-0.999933956552	0
53.7573956195	-0.999745914043	0
54.2662299311	-0.999575833064	0
54.8768076353	-0.999373731726	0
55.3854920893	-0.999274431575	0
55.8942483868	-0.999207730959	0
56.4030447585	-0.999188021755	0
56.9118630643	-0.999226544125	0
57.4206935762	-0.999356408198	0
57.9295308864	-0.999596474687	0
58.4383118604	-0.999733586109	0
58.9469795335	-0.999770124564	0
59.4557269647	-0.999724095944	0
59.9645183568	-0.99962906742	0
60.4733343476	-0.999508881951	0
60.9821637276	-0.999379887831	0
61.4910007695	-0.99925353935	0
61.9997724662	-0.999114974852	0
62.5084430632	-0.999013822251	0
63.017191622	-0.998948791665	0
63.5259836918	-0.998934714039	0
64.0348000832	-0.998935232663	0
64.5436300828	-0.998884765425	0
65.0524672926	-0.998798954321	0
65.5612367131	-0.998670164105	0
66.0699085795	-0.998547946734	0
66.5786582161	-0.998424444947	0
67.0874507755	-0.998305332129	0
67.5962673932	-0.998193233861	0
68.1050971186	-0.998090155194	0
68.6139343595	-0.997997691501	0
69.1226955753	-0.997895655576	0
69.7331165066	-0.997810768203	0
70.2418785467	-0.997761390981	0
70.7506779478	-0.997734595338	0
71.2594983114	-0.997733844885	0
71.7683300472	-0.997764225056	0
72.2771683072	-0.997832800122	0
72.785889673	-0.997928776562	0
73.2946147329	-0.998103819095	0
73.8033933316	-0.998362238491	0
74.3122019975	-0.998717900246	0
74.8210280451	-0.998996180444	0
75.3298635186	-0.999122980514	0
75.8387038591	-0.999149104826	0
76.3473738004	-0.999080839238	0
76.8560918295	-0.998987914992	0
77.3648671199	-0.998872699491	0
77.8736739282	-0.998747214075	0
78.3824984628	-0.998619196376	0
78.8913325858	-0.998494171691	0
79.4001722733	-0.99837579073	0
79.9088355859	-0.9982402183	0
80.4175559474	-0.998135923276	0
80.9263323029	-0.998041877351	0
81.4351399556	-0.997948346165	0
81.9439647224	-0.997856958824	0
82.4527992306	-0.997768990218	0
82.9616389016	-0.997685847937	0
83.4703005429	-0.997581836807	0
83.9790216772	-0.99750455688	0
84.4877986638	-0.99743715559	0
84.996606405	-0.997378927143	0
85.5054314557	-0.997329372421	0
86.0142658657	-0.997289168459	0
86.5231048647	-0.997254334407	0
87.0314561621	-0.997370155377	0
87.5383176395	-0.986299256585	0
88.0443990818	-0.967951808994	0
88.5499165127	-0.949026985046	0
89.0557100119	-0.925883176606	0
89.562289479	-0.901372955431	0
90.0695907538	-0.878267120701	0
90.5774610063	-0.862285142773	0
91.085519927	-0.850496852109	0
91.5928958769	-0.834047444979	0
92.1003273581	-0.818542097869	0
92.6082341955	-0.806988150141	0
93.116513425	-0.798363237255	0
93.6247447444	-0.792367770903	0
94.133077734	-0.786955464822	0
94.6416173454	-0.781899731254	0
95.1502724288	-0.777237627379	0
95.659005141	-0.772828571396	0
96.1677810559	-0.768682241342	0
96.6765823371	-0.764803392254	0
97.1852561823	-0.761185004386	0
97.6932750425	-0.757305762511	0
98.1968375902	-0.740987790811	0
98.6973534464	-0.69553568919	0
99.1949763776	-0.622561505574	0
99.6914956025	-0.533077821347	0
100.186525444	-0.434651524262	0
100.680703561	-0.330232068265	0
101.175602135	-0.225770031733	0
101.67105984	-0.120780381874	0
102.16699484	-0.0178932966949	0
102.663566328	0.0833052821249	0
103.160508982	0.184404162187	0
103.658426045	0.283564343413	0
104.157142577	0.379890656537	0
104.655843496	0.474933119355	0
105.155394804	0.56521245269	0
105.65440418	0.659303516654	0
106.15164224	0.75943420949	0
106.647347853	0.862932455863	0
107.143495553	0.965165158936	0
107.639371362	1.06922083321	0
108.134848349	1.17665944719	0
108.631237739	1.27946486058	0
109.129057143	1.37699614786	0
109.626905308	1.47624403366	0
110.125352836	1.57222072615	0
110.624594048	1.6654951344	0
111.223816484	1.77573862615	0
111.715282342	1.87782477178	0
112.288778058	2.03553172048	0
112.841782179	2.24866735054	0
113.376108502	2.5225923252	0
113.809916255	2.78391467532	0
114.233784788	3.06526185611	0
114.647990069	3.3600449135	0
115.048619532	3.66487348463	0
115.464851657	4.02330622867	0
115.813849795	4.38966013734	0
116.137564568	4.852478485	0
116.362741392	5.35340042197	0
116.486548221	5.87456281448	0
116.512036179	6.39816202115	0
116.443485837	6.91085045629	0
116.285959128	7.39984229568	0
116.048368126	7.84858236439	0
115.754422609	8.29897842373	0
115.460583991	8.73835919782	0
115.170643497	9.16235059043	0
114.860013983	9.55755163475	0
114.475919105	9.92411220463	0
114.047191215	10.2148531883	0
113.526763495	10.4740146791	0
113.02174558	10.6736359774	0
112.481146609	10.8547554265	0
111.917929919	11.0203183613	0
111.341833189	11.1727537982	0
110.764230185	11.3149984139	0
110.198088432	11.4485328997	0
109.651156201	11.5744945446	0
109.129644935	11.6928390943	0
108.610979641	11.798447907	0
108.069132795	11.8683435643	0
107.497809996	11.9134080415	0
106.908259761	11.9411957781	0
106.310300521	11.9566113758	0
105.808361666	11.9633994054	0
105.304311745	11.9675362683	0
104.798623654	11.9701926959	0
104.292330135	11.9715999724	0
103.684124594	11.9712553804	0
103.17632827	11.9698866896	0
102.668067025	11.9677885909	0
102.159567333	11.9651688815	0
101.653330204	11.962203302	0
101.14904393	11.9592077866	0
100.643046408	11.9581586682	0
100.135780474	11.9588002147	0
99.5261662593	11.9607664323	0
99.017756957	11.9629411657	0
98.5094234814	11.9651386771	0
98.0010416532	11.9666054619	0
97.4925064026	11.9672690726	0
96.9838450406	11.9674015625	0
96.4751078653	11.966803985	0
95.9672521004	11.9641344406	0
95.4602409319	11.9601567729	0
94.952468381	11.9590453205	0
94.4442184814	11.9597963247	0
93.9359245634	11.9619425174	0
93.428033569	11.9686400668	0
92.9202355096	11.9745431251	0
92.4129919615	11.9792884971	0
91.9052500379	11.983143828	0
91.397307871	11.9867214733	0
90.8891742175	11.9908095594	0
90.3814102376	11.9939094469	0
89.8736577134	11.9959631044	0
89.365813458	11.9973666752	0
88.8576820589	11.9985105814	0
88.3493125842	12.0008002415	0
87.8407385867	12.0039988894	0
87.3320514584	12.0077110278	0
86.8233012933	12.0116839295	0
86.3145145653	12.0156648838	0
85.8057066463	12.0195031246	0
85.2970685199	12.0231671473	0
84.7883882982	12.0267004972	0
84.2796371376	12.0299794138	0
83.771169612	12.0330066797	0
83.2628974922	12.0358032964	0
82.7549900714	12.036911679	0
82.2475359942	12.0367997091	0
81.7397680517	12.035814399	0
81.2317382691	12.034249681	0
80.7234179474	12.0323967508	0
80.2148653543	12.0303731118	0
79.706184184	12.0282852919	0
79.1975547672	12.0261778204	0
78.6888813075	12.0241342731	0
78.1801325505	12.0221734168	0
77.671342065	12.0203124289	0
77.1625280052	12.0185587549	0
76.653700945	12.0169147839	0
76.1448776731	12.0153566714	0
75.6362037674	12.0139276673	0
75.1274560747	12.0125964537	0
74.6186653378	12.0113640502	0
74.1098503737	12.0102236203	0
73.601022126	12.0091683739	0
73.0921861907	12.0081926424	0
72.5834225895	12.0072722762	0
72.0747180867	12.0064342012	0
71.5659509155	12.0056632434	0
71.0571486708	12.0049540955	0
70.5483271402	12.0042994946	0
70.0394946269	12.0036864417	0
69.5306562618	12.0031110875	0
69.0219631574	12.0025515903	0
68.411507243	12.0019578304	0
67.9027302928	12.0015042213	0
67.3939224374	12.0010826478	0
66.8850976385	12.0006863616	0
66.3762631756	12.0003079447	0
65.8674240485	11.9999404308	0
65.3587658393	11.9995587908	0
64.8500430862	11.9991918084	0
64.3412651938	11.9988280626	0
63.832456985	11.9984535445	0
63.32363166	11.9980685959	0
62.8147973677	11.9976912051	0
62.305958523	11.9973547953	0
61.7973019604	11.9970248889	0
61.2885775556	11.9965421963	0
60.7798003956	11.9958657024	0
60.2709925412	11.9952438336	0
59.7621676233	11.9946285363	0
59.253332845	11.9939430015	0
58.7445731095	11.9931211031	0
58.235864368	11.9925377097	0
57.7272466327	11.9919273973	0
57.2185426595	11.9906730372	0
56.7097774675	11.9886816645	0
56.2010257834	11.9858245562	0
55.6924309643	11.982141692	0
55.1837346223	11.9777669531	0
54.6749851111	11.972935278	0
54.1663474927	11.9680545482	0
53.658347172	11.9582942806	0
53.1515168882	11.9424687922	0
52.645105007	11.9176274513	0
52.138681714	11.8923047028	0
51.6315275076	11.8747231484	0
51.1242552909	11.8608467432	0
50.6169579652	11.8471669399	0
50.1095736139	11.8374616427	0
49.6026089904	11.8269702117	0
49.0955745592	11.8148625528	0
48.5883676258	11.7997003316	0
48.0813548537	11.7810951795	0
47.5746557358	11.7593527412	0
47.0683754695	11.7347612045	0
46.5624445762	11.7051596856	0
46.0568932906	11.674707096	0
45.5505507056	11.6476825856	0
45.0436523945	11.6240640871	0
44.5366845537	11.6041193821	0
44.0293199562	11.585109475	0
43.5220868863	11.5653930997	0
43.0148314382	11.5415428258	0
42.5078545924	11.5150122191	0
42.0005382625	11.4869136387	0
41.4938985429	11.4564899048	0
40.9879808834	11.4223644605	0
40.4830382423	11.3835725244	0
39.978962758	11.3492728421	0
39.4733391462	11.3278629302	0
38.9664587094	11.3133523622	0
38.4587022708	11.303569692	0
37.9504581942	11.297114456	0
37.4419440564	11.2928692325	0
36.9332823939	11.2900892068	0
36.4246327457	11.2883845342	0
35.9160652018	11.2880440542	0
35.4074046547	11.2881134819	0
34.8986616637	11.2883558217	0
34.3898726575	11.288698445	0
33.8810583164	11.2890954953	0
33.372342282	11.2894935134	0
32.8636597693	11.2899138711	0
32.3549042043	11.2903278143	0
31.8461083691	11.2907272494	0
31.3372899455	11.2911181593	0
30.828538753	11.2918506691	0
30.3200300944	11.2931079703	0
29.8114917551	11.2940079851	0
29.3028159792	11.2945950133	0
28.7941354413	11.294985089	0
28.2856772197	11.2947500954	0
27.7770484776	11.2943998875	0
27.2683229451	11.2942073486	0
26.7595438077	11.2941216739	0
26.2508924907	11.2940768387	0
25.7422012918	11.2940909023	0
25.2334408531	11.2941303793	0
24.7246421995	11.2941655237	0
24.2158220716	11.2941802939	0
23.7069902392	11.2941606225	0
23.1981516103	11.294091713	0
22.6894381179	11.2939053049	0
22.1807400438	11.2936215505	0
21.6720008188	11.2932187375	0
21.1632682871	11.2926620277	0
20.6544847689	11.2919240451	0
20.1456932538	11.2909172732	0
19.6370078774	11.2901487168	0
19.1295658053	11.2832257551	0
18.6233491597	11.2633913012	0
18.1176399906	11.232579196	0
17.612413825	11.1943465197	0
17.1074191578	11.1521665774	0
16.603329146	11.1056029837	0
16.0995897661	11.0540733727	0
15.5965846884	10.9988014156	0
15.0937201924	10.9409834574	0
14.5909947177	10.8810193259	0
14.0882631113	10.8315742357	0
13.5839856659	10.7916565957	0
13.0784218226	10.7552734146	0
12.5718087569	10.7214923727	0
12.0647545646	10.6884996229	0
11.5580450495	10.6544948112	0
11.0514412941	10.6202194443	0
10.5452271152	10.5840301092	0
10.0396309359	10.5468914431	0
9.53405151408	10.5182178945	0
9.02789773765	10.4949780347	0
8.5211421384	10.4751885952	0
8.01355258342	10.4602563408	0
7.50589895125	10.4458963292	0
6.99832647679	10.4294111473	0
6.49080675444	10.4113966114	0
5.98341971206	10.3896474689	0
5.47610561468	10.3648671331	0
4.96907711141	10.3366440236	0
4.46289507361	10.3034056745	0
3.957324179	10.2644485782	0
3.45173711845	10.2228050665	0
2.84470954104	10.1702543532	0
2.33987081472	10.1216047876	0
1.83579407394	10.0684647862	0
1.33222589361	10.0105305645	0
0.828895216119	9.94822917673	0
0.326897219169	9.87987680962	0
-0.173485344293	9.80554680135	0
-0.673749481925	9.72850076643	0
-1.17354634151	9.64803340814	0
-1.67106190078	9.56530261156	0
-2.26936447202	9.4917860305	0
-2.77296491593	9.45500247363	0
-3.27898908641	9.43182084658	0
-3.78637652333	9.41767293744	0
-4.29428947927	9.40828890877	0
-4.80234504153	9.40133949793	0
-5.31041116995	9.39549571375	0
-5.81867893549	9.39005454704	0
-6.32718287806	9.38560785231	0
-6.93757613057	9.38253650722	0
-7.44632608196	9.3813300444	0
-7.95509156503	9.38090126689	0
-8.46379808169	9.38157875926	0
-8.9725634013	9.383306167	0
-9.48136160693	9.38557589293	0
-9.99017885557	9.38802196303	0
-10.4984782249	9.39013900045	0
-11.00680569	9.39162107931	0
-11.5149508345	9.39255446169	0
-12.0234060637	9.39321754013	0
-12.5320355587	9.39372408478	0
-13.0407618919	9.39411954648	0
-13.5495416682	9.39443863253	0
-14.0582064017	9.39467462856	0
-14.5668924375	9.3948738214	0
-15.0756500534	9.39502861155	0
-15.5844471349	9.39514744732	0
-16.0932663605	9.39523558053	0
-16.6020976351	9.39529466588	0
-17.1109358447	9.39532550001	0
-17.6196354621	9.39530165137	0
-18.12833915	9.39525665638	0
-18.6371063528	9.39516780821	0
-19.1459090936	9.39502558705	0
-19.6547313203	9.394815218	0
-20.1635645987	9.39452606123	0
-20.6702467869	9.39780908263	0
-21.1745139624	9.42443459499	0
-21.6786888361	9.47882366324	0
-22.1809554832	9.5504739008	0
-22.6817952849	9.63284943039	0
-23.1819420628	9.72111574271	0
-23.682638495	9.80731538929	0
-24.1833147933	9.8916119532	0
-24.6840731765	9.97436795247	0
-25.1850896483	10.0556384787	0
-25.6864209228	10.1357423943	0
-26.1880015843	10.2117434353	0
-26.6906266085	10.2833163098	0
-27.2945311016	10.3674340412	0
-27.7981411408	10.4368007161	0
-28.3015655849	10.5056950919	0
-28.7994253875	10.5735497346	0
-29.3852954997	10.6532333498	0
-29.9618728888	10.7489625829	0
-30.5297944661	10.8918957769	0
-31.0915966166	11.0875903578	0
-31.5552561172	11.2803547019	0
-32.1052856181	11.5330212514	0
-32.5596883311	11.7555098213	0
-33.0116968443	11.9855433115	0
-33.4609523142	12.2203712885	0
-33.904176917	12.4561998413	0
-34.4235793828	12.7536686502	0
-34.920606886	13.0877154668	0
-35.3234928174	13.3914168176	0
-35.7953648582	13.7739563805	0
-36.181909439	14.1026776848	0
-36.5643508474	14.437099129	0
-36.9440309466	14.775188293	0
-37.3219739812	15.1153743459	0
-37.7027972869	15.4511559189	0
-38.0877040133	15.7810468053	0
-38.4749972497	16.107196513	0
-38.8640539348	16.4308886993	0
-39.2549058329	16.7532167363	0
-39.6471133824	17.0742508652	0
-40.0404918093	17.3946482872	0
-40.4346990203	17.7148978458	0
-40.8295607694	18.0349504131	0
-41.2250268623	18.3543424182	0
-41.6210436329	18.6732793456	0
-42.0173717403	18.9919259924	0
-42.4141949503	19.3101362821	0
-42.8112459763	19.6281619972	0
-43.2084789194	19.9458572884	0
-43.606025433	20.2627272399	0
-44.0038470163	20.5795376827	0
-44.4018018779	20.8960650131	0
-44.8003097557	21.2118045045	0
-45.1990911529	21.5272332883	0
-45.5978632412	21.8419597229	0
-45.9965932809	22.1559772887	0
-46.3962347224	22.4687390187	0
-46.8020379886	22.7731819705	0
-47.2173657082	23.0654729597	0
-47.6393636625	23.3465176126	0
-48.0662289241	23.6191424554	0
-48.4961890645	23.8875007147	0
-48.9293229567	24.151672193	0
-49.364912733	24.4117645783	0
-49.8011553833	24.670092884	0
-50.2389002054	24.9248089371	0
-50.6777121243	25.1772604892	0
-51.1174718395	25.4274723702	0
-51.5591375531	25.6742932272	0
-52.0916949551	25.9681751839	0
-52.5374734701	26.2099009176	0
-52.9852395669	26.4489452041	0
-53.4342886754	26.6841727636	0
-53.8845918394	26.9112341729	0
-54.3430674643	27.1211294327	0
-54.8077371452	27.316139728	0
-55.2795732199	27.4914387854	0
-55.7541900874	27.6582296399	0
-56.2237244928	27.8390438625	0
-56.6921590241	28.0195510642	0
-57.1652907593	28.1864393863	0
-57.6420349924	28.3421325271	0
-58.1191197559	28.5002793055	0
-58.5936153778	28.6693755192	0
-59.0675265543	28.83785089	0
-59.5462624706	28.9900607515	0
-60.0283866816	29.1374470236	0
-60.5127660568	29.2759301132	0
-61.0000034082	29.406118758	0
-61.4901973967	29.527416144	0
-61.9823878995	29.6407121424	0
-62.5750879761	29.7637483545	0
-63.0706077725	29.8610304486	0
-63.5666713142	29.9598745155	0
-64.0638863495	30.0543262901	0
-64.5615628315	30.1434920326	0
-65.0597052625	30.2318159536	0
-65.5589591069	30.3170973476	0
-66.0593539802	30.3947408497	0
-66.5610173563	30.4581458081	0
-67.0632261239	30.5220289051	0
-67.5660385005	30.580327762	0
-68.0701500395	30.6286226168	0
-68.5739765198	30.6738910741	0
-69.0772404585	30.7171971552	0
-69.5812069087	30.7558569144	0
-70.1870594973	30.8012857953	0
-70.6927933808	30.8391014186	0
-71.1986370862	30.8778278596	0
-71.7046161157	30.9146602968	0
-72.2105633026	30.9495827519	0
-72.7166136438	30.9827687104	0
-73.223118039	31.0133066913	0
-73.7300918463	31.0425645158	0
-74.2371136934	31.0746816764	0
-74.7441367793	31.1052863134	0
-75.2510889236	31.1340385659	0
-75.7576150569	31.1639964436	0
-76.2647362009	31.1928895086	0
-76.7722163248	31.2206384746	0
-77.279186772	31.2478217902	0
-77.7860838434	31.2743449561	0
-78.2935118233	31.3012920925	0
-78.8006996148	31.3262514245	0
-79.3084015238	31.3463202481	0
-79.8162381183	31.3649455617	0
-80.3242296792	31.3843660906	0
-80.8317985904	31.3983621868	0
-81.3390951664	31.4072907075	0
-81.8469967443	31.4142006429	0
-82.3549434894	31.4199933577	0
-82.8632701952	31.4250229651	0
-83.3718198207	31.4293455356	0
-83.8804784356	31.4331355492	0
-84.3890924433	31.4364891644	0
-84.8976521436	31.4395578036	0
-85.4063369408	31.4424127232	0
-85.9147905418	31.444730013	0
-86.4229819106	31.4452547019	0
-86.9306238192	31.4446961093	0
-87.4387216043	31.444023503	0
-87.9471313945	31.4436914181	0
-88.4557338515	31.443841587	0
-88.9644430711	31.4444640446	0
-89.4732117513	31.4454997752	0
-89.9820136032	31.446801651	0
-90.4908265759	31.4482994302	0
-90.9994713927	31.4499620708	0
-91.5078459972	31.4505953804	0
-92.0164007912	31.4508090765	0
-92.5250816806	31.4516210869	0
-93.0338161061	31.4529720088	0
-93.5425892586	31.4548422222	0
-94.051390872	31.4571166445	0
-94.5601996757	31.4597008517	0
-95.0688601089	31.462541283	0
-95.5775961095	31.4654676659	0
-96.0863777747	31.4683808368	0
-96.5951858505	31.4711823055	0
-97.1039450846	31.4737118746	0
-97.6123084329	31.4755048986	0
-98.1208798812	31.4769614984	0
-98.6295730951	31.4783395222	0
-99.1383342293	31.4796322257	0
-99.6471314187	31.4808388485	0
-100.15583693	31.4823757073	0
-100.664595968	31.4847314041	0
-101.173389743	31.4875236317	0
-101.682203289	31.4904356854	0
-102.190868261	31.4930235708	0
-102.699254803	31.4946942402	0
-103.206661208	31.495739321	0
-103.713968219	31.495691871	0
-104.221906162	31.4952207124	0
-104.73023009	31.4946178224	0
-105.23877897	31.4942094096	0
-105.747460209	31.4940002702	0
-106.256214722	31.4939274182	0
-106.765010236	31.4939386141	0
-107.375389808	31.4939836679	0
-107.884108492	31.4940648954	0
-108.392884166	31.4941568653	0
-108.901691276	31.4942419367	0
-109.410516704	31.4941829111	0
-109.919350221	31.4939306852	0
-110.428178079	31.4937268813	0
-110.936855493	31.4935879516	0
-111.445606232	31.493452843	0
-111.954379249	31.4933174074	0
-112.463179888	31.4932914037	0
-113.07376659	31.493387607	0
-113.582600505	31.493517492	0
-114.091324955	31.4936455958	0
-114.600014908	31.4938003262	0
-115.108774922	31.4938878529	0
-115.617550221	31.4937271217	0
-116.126354578	31.4936364896	0
-116.635177423	31.493633185	0
-117.144010857	31.4936815277	0
-117.65273033	31.4937309111	0
-118.161422111	31.4938205277	0
-118.670182586	31.4939397986	0
-119.178981464	31.4940610346	0
-119.687801432	31.4941749077	0
-120.196633331	31.4942716488	0
-120.705335306	31.4943016365	0
-121.213654807	31.4940815072	0
-121.722202053	31.4939194871	0
-122.230882667	31.4938176264	0
-122.739637343	31.4936824898	0
-123.248432946	31.4934790522	0
-123.757238416	31.4932807619	0
-124.265960157	31.4931639109	0
-124.774655055	31.4930321518	0
-125.283417953	31.4925154429	0
-125.792217501	31.4914667904	0
-126.301036546	31.4902071947	0
-126.809867422	31.4887638636	0
-127.318584074	31.4871702658	0
-127.827335192	31.4858789636	0
-128.33612629	31.4848662197	0
-128.844941161	31.4842360789	0
-129.35376874	31.483975262	0
-129.862507273	31.4841974988	0
-130.371241663	31.485478648	0
-130.879408768	31.4868875581	0
-131.387187949	31.4876016266	0
-131.894939691	31.4875188604	0
-132.402630081	31.4864089074	0
-132.910194114	31.4837124796	0
-133.417540497	31.4776353805	0
-133.923654204	31.4649591025	0
-134.430098443	31.4509571569	0
-134.936453584	31.4335451367	0
-135.44276885	31.4087242229	0
-135.949515606	31.3805205517	0
-136.456075251	31.3495915951	0
-136.961924465	31.3135545996	0
-137.467682421	31.2862006009	0
-137.974358973	31.2693788453	0
-138.482028041	31.25991239	0
-138.990244749	31.2551196804	0
-139.498753421	31.2530574127	0
-140.007415659	31.2520981209	0
-140.515978705	31.2520515758	0
-141.024658499	31.2533588286	0
-141.533409009	31.2553513418	0
-142.042197087	31.2578508603	0
-142.55100519	31.2607617848	0
-143.05982506	31.2639434627	0
-143.568522928	31.2672122029	0
-144.077207546	31.2704900443	0
-144.585959978	31.2737179726	0
-145.094751876	31.2767262848	0
-145.603549758	31.2800264371	0
-146.112132427	31.2841569208	0
-146.721833551	31.2879533666	0
-147.330627387	31.290474005	0
-147.838593621	31.2919451254	0
-148.346952254	31.2929949123	0
-148.855528617	31.2937458209	0
-149.364225439	31.2942832423	0
-149.872989159	31.2946652995	0
-150.381789716	31.2949487923	0
-150.890437106	31.2951315226	0
-151.399142574	31.2952818899	0
-151.907805147	31.2953342804	0
-152.518118875	31.2946719039	0
-153.026825607	31.2941811759	0
-153.535594381	31.2938863051	0
-154.146133063	31.2936765721	0
-154.654797774	31.293611223	0
-155.163543546	31.2935842095	0
-155.672334149	31.2935464702	0
-156.181149819	31.2934826268	0
-156.689979308	31.2933508412	0
-157.198816881	31.2930924365	0
-157.707496405	31.2925450949	0
-158.21577929	31.2912393494	0
-158.724308176	31.2895925114	0
-159.232976613	31.2876060095	0
-159.741721603	31.2853597377	0
-160.250458121	31.2829672954	0
-160.758975977	31.2809727537	0
-161.266612934	31.2763545162	0
-161.773313324	31.2662719896	0
-162.279328556	31.2505931469	0
-162.785475885	31.2319776315	0
-163.291162845	31.2097492839	0
-163.796457485	31.1832888045	0
-164.301962892	31.1517481331	0
-164.807238913	31.1247360547	0
-165.313367523	31.1079208965	0
-165.820628061	31.0971188743	0
-166.328606363	31.0902690657	0
-166.836975099	31.0859036622	0
-167.345555353	31.0831458344	0
-167.854091519	31.0813060413	0
-168.361758585	31.0790290542	0
-168.869426405	31.0792548907	0
-169.377403437	31.0798124532	0
-169.884745835	31.0754870551	0
-170.392176974	31.0684923172	0
-170.899957248	31.0625026224	0
-171.407102184	31.0526728076	0
-171.913821277	31.0429085272	0
-172.420265739	31.0305656685	0
-172.927079359	31.0132609778	0
-173.434037553	30.9927412252	0
-173.94130728	30.970087894	0
-174.448448793	30.9451472675	0
-174.955822054	30.926152419	0
-175.463841103	30.9140523156	0
-175.972231932	30.9059377608	0
-176.48082809	30.9004941024	0
-176.989535191	30.8967660523	0
-177.498148684	30.8941853626	0
-178.006846306	30.8923150834	0
-178.515609356	30.8909279576	0
-179.024401093	30.8896883731	0
-179.533199628	30.8885348056	0
-180.042016316	30.8875182181	0
-180.549978669	30.8857402994	0
-181.058016697	30.8838255717	0
-181.565793599	30.8794487272	0
-182.073424099	30.8717941908	0
-182.580609551	30.8583916004	0
-183.189568263	30.84134398	0
-183.696764829	30.8224123766	0
-184.203439835	30.7993553502	0
-184.70917286	30.7719217967	0
-185.213526496	30.732319034	0
-185.717545519	30.6882689836	0
-186.221277549	30.6387135638	0
-186.724884752	30.5858711068	0
-187.228048309	30.5304477869	0
-187.73070493	30.4731165071	0
-188.232934417	30.4144681276	0
-188.734625375	30.3477854701	0
-189.236913755	30.2799781956	0
-189.739016807	30.2109245452	0
-190.241015951	30.1370613428	0
-190.743543832	30.0642177804	0
-191.24287724	29.984185556	0
-191.737082465	29.8820089576	0
-192.229787586	29.7711077831	0
-192.721839579	29.6530481016	0
-193.212113668	29.5289629837	0
-193.70290628	29.4030980973	0
-194.194976512	29.2799532859	0
-194.686429841	29.155001566	0
-195.17786857	29.02993446	0
-195.668654826	28.9026062858	0
-196.159569174	28.7754651074	0
-196.650279626	28.6470602042	0
-197.139415767	28.5162764053	0
-197.618819612	28.3696748488	0
-198.086687381	28.1905609411	0
-198.545656384	27.98170896	0
-198.997613855	27.7537839293	0
-199.443568963	27.5152818086	0
-199.885199596	27.2700627586	0
-200.324497194	27.0200894893	0
-200.76202253	26.7667367287	0
-201.198723776	26.5108653413	0
-201.630313942	26.2532184906	0
-202.100582439	25.9404402933	0
-202.501222827	25.6176507792	0
-202.855533127	25.2537478565	0
-203.174266636	24.8207886695	0
-203.462841597	24.3355025379	0
-203.726049041	23.8179623513	0
-203.970386361	23.2781154743	0
-204.200505224	22.7242529798	0
-204.384107937	22.257214966	0
-204.584281829	21.6962669237	0
-204.737724437	21.1283040194	0
-204.831479686	20.5469673027	0
-204.877264463	19.9490692553	0
-204.891666236	19.444804981	0
-204.890949864	18.9390367736	0
-204.879354871	18.4340190755	0
-204.860272905	17.9289190124	0
-204.835767085	17.4235843941	0
-204.818484714	16.9177434041	0
-204.806180738	16.4107794836	0
-204.797271936	15.9030116398	0
-204.791491296	15.3947648669	0
-204.787885361	14.8862497586	0
-204.785757331	14.3775874457	0
-204.784660022	13.8688435943	0
-204.784238853	13.3602076067	0
-204.784297237	12.8514991234	0
-204.784653818	12.3427298331	0
-204.785202325	11.8339265367	0
-204.785873865	11.3251046072	0
-204.786636401	10.8162721614	0
-204.787443513	10.3074692795	0
-204.788535527	9.6970376873	0
-204.789519083	9.18827178212	0
-204.790599186	8.67947114079	0
-204.791806081	8.17065131399	0
-204.793190021	7.66182160846	0
-204.794788269	7.15300168067	0
-204.796756795	6.64433033938	0
-204.79917778	6.13558819755	0
-204.802902154	5.5250506072	0
-204.806942915	5.01625513233	0
-204.812065915	4.50746026757	0
-204.81841046	3.99877878044	0
-204.826104683	3.49007426432	0
-204.835089038	2.98135922544	0
-204.84527826	2.47264938309	0
-204.856710788	1.96395701216	0
-204.86926624	1.45540221968	0
-204.882971197	0.946845548483	0
-204.89775174	0.438276298403	0
-204.913518507	-0.0702872631897	0
-204.930049663	-0.578676503699	0
-204.939724931	-1.08680391478	0
-204.943689385	-1.59472809375	0
-204.945232483	-2.10295402502	0
-204.945977534	-2.61138478382	0
-204.945202294	-3.11889042216	0
-204.942588555	-3.62626427563	0
-204.938870749	-4.13313990957	0
-204.934061156	-4.64057170067	0
-204.928507624	-5.1483452633	0
-204.922466432	-5.65655914878	0
-204.916171558	-6.16502144971	0
-204.909776394	-6.67362799403	0
-204.90351585	-7.18223974642	0
-204.898677211	-7.690802532	0
-204.895491549	-8.19949008548	0
-204.893243071	-8.70825050081	0
-204.891094728	-9.21704904518	0
-204.888402145	-9.72586523623	0
-204.884707184	-10.2343465626	0
-204.879797443	-10.741975671	0
-204.873663653	-11.2500300089	0
-204.866214686	-11.7584029008	0
-204.857449446	-12.2669411109	0
-204.84737768	-12.7755587676	0
-204.836029883	-13.2842069555	0
-204.820741953	-13.8944489298	0
-204.806897248	-14.4026465346	0
-204.792025379	-14.9110210281	0
-204.776278828	-15.4194192964	0
-204.753605145	-15.92484666	0
-204.703726275	-16.4280839358	0
-204.635311637	-16.9298861053	0
-204.555163401	-17.4296168975	0
-204.46697639	-17.9278297571	0
-204.373392249	-18.4253941313	0
-204.275719807	-18.9224299987	0
-204.17526083	-19.4188232452	0
-204.072558117	-19.915049954	0
-203.968105737	-20.4113482841	0
-203.862300315	-20.9077038642	0
-203.752146022	-21.4006816037	0
-203.590409065	-21.9761545773	0
-203.380214115	-22.5346576564	0
-203.174166063	-22.9950645097	0
-202.950278793	-23.4495713074	0
-202.71470952	-23.8978501231	0
-202.471065931	-24.3413595407	0
-202.170970008	-24.869564798	0
-201.916587319	-25.3070876913	0
-201.659553308	-25.7429328543	0
-201.395743289	-26.1682497134	0
-201.048310918	-26.647742041	0
-200.654370166	-27.0868660183	0
-200.208760067	-27.4787284149	0
-199.800684652	-27.7710538816	0
-199.371790278	-28.0402326657	0
-198.928783339	-28.2906870489	0
-198.478229143	-28.5265444038	0
-198.025859441	-28.7505772443	0
-197.490714904	-29.0051340813	0
-196.964763428	-29.2474531702	0
-196.428512039	-29.4645089912	0
-195.873451978	-29.6364252267	0
-195.294048691	-29.7705067652	0
-194.800542575	-29.8630894485	0
-194.30272588	-29.9424633148	0
-193.802858196	-30.0121339474	0
-193.306096391	-30.0749765806	0
-192.723377407	-30.1436848204	0
-192.161892763	-30.206813498	0
-191.625660834	-30.2655786312	0
-191.092142978	-30.3184203704	0
-190.529795562	-30.3531730675	0
-189.947880886	-30.3730468067	0
-189.354211567	-30.3829242474	0
-188.854065208	-30.3862585542	0
-188.351201091	-30.386842143	0
-187.846507653	-30.3856554312	0
-187.340613813	-30.3832632192	0
-186.834384961	-30.3802197208	0
-186.327023252	-30.3769289663	0
-185.819006042	-30.3734402317	0
-185.310629225	-30.3698716056	0
-184.700508846	-30.3657618373	0
-184.090151402	-30.3617516892	0
-183.581737094	-30.3584258158	0
-183.074378359	-30.3540808676	0
-182.567364367	-30.3476053545	0
-182.060726063	-30.3390106544	0
-181.553862175	-30.3288303452	0
-181.0469148	-30.3175262759	0
-180.545852569	-30.30558704	0
-179.961294307	-30.2910647659	0
-179.400605311	-30.2767852115	0
-178.865932456	-30.2629768256	0
-178.360812988	-30.2498826405	0
-177.807989687	-30.2355234689	0
-177.299333684	-30.2223339756	0
-176.755270062	-30.217599078	0
-176.213455422	-30.2253938669	0
-175.637511524	-30.2432273007	0
-175.044797525	-30.2688379891	0
-174.4506788	-30.2991832183	0
-173.870140864	-30.3314775425	0
