-3.800	1.792
-5.414	-13.193
-5.229	-28.641
-4.854	-45.372
-4.692  -58.004
-3.084  -65.996
-2.985  -71.325
-0.412  -74.531
7.7457  -75.856
18.226  -77.413
30.835  -79.643
40.810  -80.047
45.895  -77.695
49.191  -72.427
50.682  -58.979
52.372  -45.744
54.454  -30.627
57.066  -11.172
58.158  6.365
58.110  24.813
56.464  44.253
54.238  61.077
49.876  74.850
40.565  87.371
26.031  96.088
23.087  105.178
22.806  121.303
19.611  145.686
19.223  164.549
22.546  182.342
25.616  198.702
20.786  213.505
23.701  228.651
25.161  239.918
22.196  245.897
7.744   239.688
1.381   224.398
3.187   205.662
6.466   184.540
8.189   160.369
11.753  138.811
13.931  116.539
16.111  99.363
7.111   87.462
-3.637  72.453
-3.454  56.530
-3.583  39.522
-2.559  23.270
-3.394  10.406
-3.800	1.792