-179.992380011	-32.000000000	0
-179.485113226	-32.000000000	0
-178.965427715	-32.000000000	0
-178.459067771	-32.000000000	0
-177.951521562	-32.000000000	0
-177.443224788	-32.000000000	0
-176.919586764	-32.000000000	0
-176.411559613	-32.000000000	0
-175.888810439	-32.000000000	0
-175.367282957	-32.000000000	0
-174.835524556	-32.000000000	0
-174.300896422	-32.000000000	0
-173.76251948	-32.000000000	0
-173.270081461	-32.000000000	0
-172.774216969	-32.000000000	0
-172.27864127	-32.000000000	0
-171.784837359	-32.000000000	0
-171.291805516	-32.000000000	0
-170.799114917	-32.000000000	0
-170.306609982	-32.000000000	0
-169.813983705	-32.000000000	0
-169.320608299	-32.000000000	0
-168.825525463	-32.000000000	0
-168.266080016	-32.000000000	0
-167.767202365	-32.000000000	0
-167.266942513	-32.000000000	0
-166.765502681	-32.000000000	0
-166.263583627	-32.000000000	0
-165.761129234	-32.0738924874	0
-165.257948116	-32.1560960098	0
-164.754053209	-32.233583147	0
-164.249736055	-32.3062862391	0
-163.745267743	-32.37425524	0
-163.240477164	-32.4356342816	0
-162.731768661	-32.4751792921	0
-162.155242753	-32.4896287955	0
-161.643526858	-32.5016354752	0
-161.13220529	-32.5263773948	0
-160.62147193	-32.5457161993	0
-160.111360956	-32.5546342097	0
-159.536790109	-32.5589069131	0
-159.024982336	-32.562645493	0
-158.512780747	-32.5668534864	0
-158.000428392	-32.5715296599	0
-157.48815225	-32.5766468023	0
-156.975801163	-32.5822487089	0
-156.463400025	-32.5883183416	0
-155.950983041	-32.5948554157	0
-155.438684462	-32.6018335502	0
-154.9263504	-32.6092955661	0
-154.413972071	-32.6172254813	0
-153.901581184	-32.6256229183	0
-153.38930129	-32.6344618021	0
-152.877003415	-32.6437838654	0
-152.364659484	-32.6535740878	0
-151.85277789	-32.6635286922	0
-151.342662407	-32.6703243531	0
-150.832512145	-32.6712448972	0
-150.322051604	-32.6660836217	0
-149.811627668	-32.654800866	0
-149.301231739	-32.6374265287	0
-148.727456177	-32.610582261	0
-148.217671533	-32.5802182919	0
-147.707873876	-32.5470403844	0
-147.197198415	-32.5190682046	0
-146.685719816	-32.498048041	0
-146.173794813	-32.4840638505	0
-145.597920152	-32.475985944	0
-145.023774782	-32.4648351562	0
-144.514618405	-32.4462832387	0
-144.006320248	-32.41926046	0
-143.498779479	-32.3838068043	0
-142.991345879	-32.3409626651	0
-142.482443069	-32.2993322176	0
-141.972028256	-32.2651595508	0
-141.460744824	-32.2374018434	0
-140.94975799	-32.2115041978	0
-140.439686179	-32.1823420708	0
-139.930656657	-32.150167211	0
-139.420508374	-32.1178665128	0
-138.909466269	-32.0873539375	0
-138.334061663	-32.0552296673	0
-137.822394539	-32.0282940588	0
-137.310641733	-32.0018880532	0
-136.799004627	-31.9759254374	0
-136.287257854	-31.9504441905	0
-135.711467524	-31.9224971624	0
-135.135596782	-31.8965819657	0
-134.62372294	-31.8755466182	0
-134.111705508	-31.8561189476	0
-133.599615799	-31.8372808896	0
-133.023496284	-31.8166175412	0
-132.511479244	-31.7987736167	0
-131.99935916	-31.7813859652	0
-131.487529084	-31.7639396196	0
-130.91151602	-31.7434271075	0
-130.399443284	-31.7244132089	0
-129.887474855	-31.7046546078	0
-129.375520442	-31.6841783501	0
-128.863526919	-31.6629677382	0
-128.351537369	-31.641024326	0
-127.775623131	-31.6154498238	0
-127.263829213	-31.5919556365	0
-126.751981708	-31.5677262616	0
-126.240135176	-31.5427637196	0
-125.728311513	-31.5170689415	0
-125.21668468	-31.4906314554	0
-124.641068722	-31.4600308814	0
-124.129391276	-31.4320501152	0
-123.617733141	-31.4033367751	0
-123.105663033	-31.3738511263	0
-122.46129548	-31.3357350054	0
-121.956639139	-31.305111791	0
-121.417491232	-31.2716732706	0
-120.861356843	-31.2364089622	0
-120.297038819	-31.1998122805	0
-119.730183003	-31.1622548224	0
-119.086414773	-31.1186198272	0
-118.583557647	-31.0838032535	0
-118.068820635	-31.0474797473	0
-117.540302158	-31.0094016733	0
-116.995156984	-30.9693298555	0
-116.414194953	-30.9256830722	0
-115.84171771	-30.8817144128	0
-115.328932188	-30.8414999947	0
-114.816918442	-30.8006540033	0
-114.30502763	-30.7607813126	0
-113.793070819	-30.7227730778	0
-113.281048982	-30.6873088823	0
-112.768775763	-30.6549317261	0
-112.199406043	-30.6225741129	0
-111.686826163	-30.5967314119	0
-111.174040733	-30.5739875577	0
-110.66115733	-30.5543276183	0
-110.091193655	-30.53613126	0
-109.578496239	-30.5223443418	0
-109.065876977	-30.508255595	0
-108.496292193	-30.4906469428	0
-107.983357441	-30.4741599488	0
-107.470299219	-30.4580999572	0
-106.957188196	-30.4424982236	0
-106.387135097	-30.4256782449	0
-105.874089873	-30.4110399746	0
-105.354370145	-30.3966811614	0
-104.732180891	-30.3801113699	0
-104.096129181	-30.3638712943	0
-103.50564293	-30.3494619156	0
-102.894681647	-30.3352226255	0
-102.268153747	-30.3213295904	0
-101.719757963	-30.3097590531	0
-101.070644003	-30.2967504495	0
-100.502951317	-30.2860209051	0
-99.816150835	-30.2738297775	0
-99.3043079967	-30.2653061317	0
-98.7814839025	-30.2570962604	0
-98.2527061266	-30.2492835094	0
-97.7206568154	-30.2419545867	0
-97.1866150912	-30.2351221836	0
-96.6514653637	-30.2288021231	0
-96.1156988721	-30.2230028375	0
-95.472339188	-30.2167370824	0
-94.9360833551	-30.2120762031	0
-94.39980682	-30.2079570485	0
-93.8634076351	-30.2043666963	0
-93.2196403641	-30.2007569752	0
-92.5758219089	-30.1979099552	0
-91.931977172	-30.1958258913	0
-91.2882933025	-30.1944798599	0
-90.751842953	-30.1939542184	0
-90.2153439518	-30.1939583782	0
-89.6788186337	-30.1944925052	0
-89.0355795157	-30.1958314751	0
-88.5027641731	-30.197499497	0
-87.9722916585	-30.1996902577	0
-87.4430228118	-30.20239232	0
-86.9144202124	-30.205605895	0
-86.3861886479	-30.2093311946	0
-85.8581651621	-30.2135685782	0
-85.3311677821	-30.2183121909	0
-84.8142185621	-30.2234303198	0
-84.3098722009	-30.228921107	0
-83.7241198996	-30.2358873332	0
-83.1949670248	-30.2427233036	0
-82.5901096586	-30.2511644232	0
-82.0670003151	-30.2589636789	0
-81.5367121303	-30.2673985597	0
-80.9844938974	-30.276707163	0
-80.4480851234	-30.2862563531	0
-79.9166565162	-30.296176916	0
-79.3866709965	-30.306576156	0
-78.8576423973	-30.3169798152	0
-78.3303597505	-30.3239455202	0
-77.8028915329	-30.3247269362	0
-77.2225239585	-30.3180719497	0
-76.6955518821	-30.2996399083	0
-76.1699050898	-30.2669749184	0
-75.6443719721	-30.2244975383	0
-75.1195748307	-30.1725955118	0
-74.5964288692	-30.1142561945	0
-74.0739542979	-30.051017214	0
-73.5001361677	-29.9756018593	0
-72.978955378	-29.901879574	0
-72.459156844	-29.8219880539	0
-71.9396433537	-29.7339532231	0
-71.4211649982	-29.638162221	0
-70.9021184958	-29.5393163459	0
-70.3820546492	-29.4422723611	0
-69.8091142899	-29.3392557265	0
-69.287503828	-29.2490111455	0
-68.7131497279	-29.1534258189	0
-68.1905906228	-29.0689017746	0
-67.6162026748	-28.9774888941	0
-67.0945274725	-28.8927149459	0
-66.5212261608	-28.7958988724	0
-66.0024344145	-28.7005587746	0
-65.485302944	-28.5971744495	0
-64.9697366251	-28.4857598359	0
-64.4558679632	-28.3663266515	0
-63.8928048837	-28.2257300301	0
-63.3831916187	-28.0896387365	0
-62.8755066555	-27.9463771441	0
-62.3695502635	-27.7991558356	0
-61.8142458805	-27.6333021211	0
-61.3105185038	-27.4788707748	0
-60.7585269381	-27.3038204072	0
-60.2588417888	-27.1370280314	0
-59.7612463374	-26.962302976	0
-59.2663552798	-26.7798463301	0
-58.7742942613	-26.5897106022	0
-58.2851893627	-26.3919287583	0
-57.7993210295	-26.1867974112	0
-57.2685836048	-25.9542200681	0
-56.7405217704	-25.7143012802	0
-56.2639434397	-25.4901921112	0
-55.7441736721	-25.2373685636	0
-55.2750996196	-25.0015185781	0
-54.809147605	-24.7598663441	0
-54.346305181	-24.5124204083	0
-53.8866210089	-24.2591948931	0
-53.4301543215	-24.0002290381	0
-52.9318350948	-23.7087902877	0
-52.4794009431	-23.4361112916	0
-52.013868964	-23.147291127	0
-51.5756400732	-22.8675928694	0
-51.0793014113	-22.5415653668	0
-50.6312713588	-22.238628466	0
-50.1856893035	-21.9290017322	0
-49.7444771365	-21.6138733579	0
-49.3075318097	-21.293173391	0
-48.8759764806	-20.9669485201	0
-48.4518128307	-20.6325618156	0
-48.036714592	-20.2876971665	0
-47.6291788107	-19.9324758911	0
-47.2261371052	-19.5711079067	0
-46.7826630588	-19.1650639634	0
-46.38746845	-18.7954262673	0
-45.9510533749	-18.3801618595	0
-45.5599397513	-18.0040864814	0
-45.1743188987	-17.6243252403	0
-44.7519031312	-17.1947975857	0
-44.3788009953	-16.8018542422	0
-43.9726482986	-16.3574668922	0
-43.6144689082	-15.9498519677	0
-43.2637308662	-15.5357777854	0
-42.9196528398	-15.1160648315	0
-42.5450339032	-14.6431757013	0
-42.2149693975	-14.2123896147	0
-41.8542342255	-13.7300748631	0
-41.5319050511	-13.2929199589	0
-41.2090029364	-12.8547313221	0
-40.8494490864	-12.3678441978	0
-40.5246441673	-11.9304081494	0
-40.1973830688	-11.4949814081	0
-39.8290273666	-11.014639846	0
-39.4928059191	-10.5860061809	0
-39.1521519944	-10.1608105459	0
-38.7690136568	-9.6921009556	0
-38.4200539565	-9.27375582813	0
-38.0664559043	-8.85938931486	0
-37.7079626505	-8.44919745347	0
-37.3446407337	-8.04325771371	0
-36.9760191454	-7.64318760467	0
-36.5943622473	-7.25865459496	0
-36.1885189633	-6.89755135701	0
-35.758756404	-6.56054038025	0
-35.3178447914	-6.23985209511	0
-34.8671397164	-5.9345624865	0
-34.3998367787	-5.65257819417	0
-33.8622435875	-5.36981877945	0
-33.3666143209	-5.14128625746	0
-32.8639794086	-4.9316241411	0
-32.2990613801	-4.71548796668	0
-31.7857787744	-4.53615739833	0
-31.2658791893	-4.37642274575	0
-30.7396472202	-4.23718341035	0
-30.2091277712	-4.11650861413	0
-29.6751883708	-4.0124060113	0
-29.1384120878	-3.92373507691	0
-28.5393324585	-3.84291361293	0
-27.9981289826	-3.78416464943	0
-27.4558367135	-3.73444585505	0
-26.8525744626	-3.68435016926	0
-26.3093390675	-3.64287727471	0
-25.7659223801	-3.60403870398	0
-25.2222764183	-3.56730524571	0
-24.6784937538	-3.53293232744	0
-24.0740991664	-3.49973338028	0
-23.5298280471	-3.47518986671	0
-22.9854279792	-3.45569517671	0
-22.4408197037	-3.44127619258	0
-21.8961006059	-3.43191494064	0
-21.3516018405	-3.42714076892	0
-20.8089299846	-3.41770452927	0
-20.2668872096	-3.3972772934	0
-19.7246829082	-3.36799091106	0
-19.1813250806	-3.33796623888	0
-18.6374407319	-3.30843118245	0
-18.0328953411	-3.27621592515	0
-17.4888801828	-3.24774901149	0
-16.9447403413	-3.21976016604	0
-16.4005401582	-3.19173248777	0
-15.8563269737	-3.16354585317	0
-15.3122793461	-3.13518154787	0
-14.7076921273	-3.10349478813	0
-14.1634893768	-3.07585929491	0
-13.5587808861	-3.04759585077	0
-13.0144435219	-3.02439959224	0
-12.469956059	-3.00331486824	0
-11.8649012129	-2.98234673739	0
-11.3203591398	-2.96571600952	0
-10.7151816783	-2.95072605872	0
-10.170478949	-2.94225167065	0
-9.62571708062	-2.93885150276	0
-9.08089772313	-2.94052454605	0
-8.53625775805	-2.9471709798	0
-7.99211369373	-2.95549296484	0
-7.44750762327	-2.96369284223	0
-6.90271223848	-2.9717353846	0
-6.3578497389	-2.97961861065	0
-5.81314039558	-2.98731032951	0
-5.26831448285	-2.99486472257	0
-4.66289359864	-3.00307134687	0
-4.11802478862	-3.01025477852	0
-3.5732878216	-3.01731204387	0
-3.02843688857	-3.02420011799	0
-2.48354517384	-3.03092836723	0
-1.93868791605	-3.03747264964	0
-1.38905224985	-3.04392697315	0
-0.880096609967	-3.04978068445	0
-0.369611689921	-3.05556635167	0
0.177813654897	-3.06167677927	0
0.759540694296	-3.06805535064	0
1.37169269465	-3.07466884487	0
1.89758197657	-3.08026521836	0
2.43565045273	-3.0859100129	0
2.98353262163	-3.09157367955	0
3.54027012925	-3.09724349912	0
4.10564581199	-3.10291466833	0
4.67622795965	-3.10853163622	0
5.2497408061	-3.11410631546	0
5.94023398259	-3.1207078058	0
6.51755285093	-3.12613567171	0
7.09624524168	-3.13149299309	0
7.79164899547	-3.1378213483	0
8.3715657663	-3.14298151698	0
9.06749773687	-3.14909372231	0
9.64766095157	-3.15409291656	0
10.2279306199	-3.15901183607	0
10.8080622194	-3.16358194779	0
11.3883205537	-3.16737222663	0
11.9680873929	-3.16997790944	0
12.5471503486	-3.17011658478	0
13.125980417	-3.16760726595	0
13.7046514679	-3.16242871376	0
14.2832096633	-3.15458513667	0
14.9773567558	-3.14165766303	0
15.6713857276	-3.12488487077	0
16.3656681378	-3.10484924798	0
17.0608848326	-3.08424949875	0
17.6406257816	-3.06698001197	0
18.2205549814	-3.04962183919	0
18.8005741966	-3.03215488712	0
19.4964324318	-3.01111148681	0
20.0764412405	-2.99347701973	0
20.6565144746	-2.97575754549	0
21.2366220061	-2.95795406808	0
21.9327740344	-2.9364795996	0
22.5129096791	-2.91849260219	0
23.0929814008	-2.90039803084	0
23.6729199804	-2.88224856283	0
24.2529465784	-2.86400777733	0
24.8330212577	-2.84568242472	0
25.5291430555	-2.82358143473	0
26.1092574645	-2.80507223543	0
26.6893770962	-2.78647979908	0
27.2694252066	-2.76778231099	0
27.8493481857	-2.74902513648	0
28.5453660099	-2.72639957358	0
29.1254285229	-2.70745207926	0
29.7055129722	-2.6884207916	0
30.4016279136	-2.66547321629	0
30.9817282921	-2.64625875724	0
31.6776789467	-2.62307273706	0
32.2576251301	-2.60367245766	0
32.8376379401	-2.58418694112	0
33.4176867803	-2.56461712118	0
33.9977540468	-2.54496367238	0
34.5778305937	-2.5252268056	0
35.1579107138	-2.50540679598	0
35.7378587755	-2.48548485794	0
36.3177676414	-2.4654965164	0
36.897751064	-2.44542235809	0
37.5937819565	-2.42122198898	0
38.1738287557	-2.40096292716	0
38.7538845837	-2.38062042693	0
39.3339438067	-2.36019476667	0
39.9138655229	-2.33966731498	0
40.6097438856	-2.31494419175	0
41.1897171143	-2.29424746766	0
41.7697251396	-2.27346637133	0
42.4657573275	-2.24841859425	0
43.1618002025	-2.22325076947	0
43.7418324764	-2.20216930563	0
44.3216543618	-2.18101949222	0
44.90155916	-2.15978523444	0
45.5975167768	-2.1341917769	0
46.1775118945	-2.11277133725	0
46.7575199833	-2.09126735077	0
47.3375342066	-2.06967997117	0
47.9175442306	-2.04799265009	0
48.4973437585	-2.02623720154	0
49.1932104907	-2.00001889299	0
49.8891496137	-1.97367816612	0
50.4691252677	-1.95163514543	0
51.0491123975	-1.9295085098	0
51.6291041659	-1.90729860002	0
52.3249989908	-1.8805189161	0
52.9048038061	-1.85812474675	0
53.484689691	-1.83564460931	0
54.0646194241	-1.81307958623	0
54.6445717296	-1.79043058401	0
55.2245354228	-1.76769793862	0
55.8045036668	-1.74488199781	0
56.3844286021	-1.72195298116	0
56.9641868117	-1.69898206852	0
57.5440365839	-1.67591302784	0
58.1239355772	-1.65275891626	0
58.7038101161	-1.62954238958	0
59.2836412575	-1.60768207179	0
59.9796320778	-1.58443090217	0
60.5596733111	-1.56753668718	0
61.1397682431	-1.55291978788	0
61.7199687634	-1.54057151804	0
62.3002428093	-1.53049331185	0
62.8805215518	-1.52267244578	0
63.5768374739	-1.51629227848	0
64.1571714882	-1.51347320298	0
64.737537428	-1.51292537326	0
65.4335518745	-1.51460326421	0
66.1295836833	-1.51641251405	0
66.7098019334	-1.51781825166	0
67.2901124075	-1.51913134263	0
67.8702773114	-1.52032527069	0
68.5665842483	-1.52165687238	0
69.2629948567	-1.52285485797	0
69.84337737	-1.523751007	0
70.4237796327	-1.52455415568	0
71.1202761381	-1.52539522143	0
71.8166428561	-1.52607853871	0
72.3968974282	-1.5265574002	0
72.9772288468	-1.52694321874	0
73.5576026068	-1.52723613358	0
74.2540813918	-1.52746486174	0
74.9505771716	-1.52755965614	0
75.5309970385	-1.52753630474	0
76.1112174849	-1.52739386153	0
76.8075678655	-1.52712176702	0
77.5040002033	-1.52671575893	0
78.084392459	-1.52627506818	0
78.6647998294	-1.52574138418	0
79.2452158562	-1.52511461106	0
79.8255894326	-1.52436234398	0
80.5218591239	-1.52337828467	0
81.1021805881	-1.52244583503	0
81.6825483369	-1.52142034936	0
82.2629419992	-1.52030174302	0
82.9594323629	-1.51883658569	0
83.539848835	-1.51751326378	0
84.1200430755	-1.51598413121	0
84.6992415043	-1.51248119263	0
85.2779220973	-1.50631587757	0
85.9721774281	-1.49538345911	0
86.5506110366	-1.4833557245	0
87.1289564031	-1.46865061791	0
87.7072089787	-1.45129581989	0
88.4012668491	-1.42730734845	0
89.0962469729	-1.40253816036	0
89.6756998573	-1.38289655061	0
90.2554948834	-1.36548275074	0
90.8354845447	-1.35031014793	0
91.5315426502	-1.33512774039	0
92.1117415955	-1.32496129692	0
92.6917155947	-1.31621758535	0
93.271810549	-1.30735945043	0
93.8520215995	-1.29840630037	0
94.4322967145	-1.28935888676	0
95.1286139016	-1.2783484956	0
95.824778275	-1.26723684484	0
96.4050170885	-1.25786481684	0
96.9853045721	-1.24839872283	0
97.5656180596	-1.2388389827	0
98.1459455971	-1.22918567907	0
98.8423473687	-1.2174784371	0
99.4225605085	-1.20759872353	0
100.002724467	-1.1976415508	0
100.69901988	-1.18556807873	0
101.395369803	-1.17335935607	0
101.975681637	-1.16308246108	0
102.672067394	-1.15062677748	0
103.252388757	-1.14012873231	0
103.832500228	-1.12954560238	0
104.412694619	-1.11887067048	0
105.10900186	-1.10593632018	0
105.805349619	-1.09286686292	0
106.38565414	-1.08187273539	0
106.965965168	-1.07078509713	0
107.660922594	-1.05737048538	0
108.195918681	-1.04701093021	0
108.743330523	-1.0368965778	0
109.279287377	-1.02659182637	0
109.807345065	-1.02275916646	0
110.31788447	-1.02266257989	0
110.825039486	-1.02336456614	0
111.345283897	-1.02366721839	0
111.85287118	-1.02298427125	0
112.358655948	-1.01127694535	0
112.872818912	-0.966658297368	0
113.385203031	-0.881665565607	0
113.908991667	-0.783628974058	0
114.406813539	-0.686977473961	0
114.901204437	-0.577035305332	0
115.414510551	-0.447525394385	0
115.901063074	-0.30990118349	0
116.380489748	-0.159870117789	0
116.854928568	0.00304589662724	0
117.325243151	0.179898919819	0
117.785989823	0.385611366923	0
118.233395509	0.67345105637	0
118.613620981	1.02535621784	0
118.922090708	1.4247842447	0
119.185579703	1.8592330836	0
119.408276947	2.30892984645	0
119.59125788	2.77670887274	0
119.730784721	3.25954970388	0
119.820227201	3.75480803584	0
119.876088899	4.26855520771	0
119.915486601	4.77349239115	0
119.94639096	5.28059226541	0
119.97691964	5.78870394894	0
120.00709279	6.29696735696	0
120.035197266	6.82592214904	0
120.045476899	7.35380368929	0
120.028875069	7.86480585194	0
119.97440966	8.38259037032	0
119.864845626	8.89141329875	0
119.671129121	9.3988403745	0
119.400985026	9.84699190946	0
119.070275572	10.2259196033	0
118.655941285	10.556166745	0
118.225221774	10.8395609772	0
117.799397474	11.119307398	0
117.372100183	11.3907595087	0
116.915399938	11.6563036959	0
116.452273043	11.8823450994	0
115.961282564	12.0388140725	0
115.443816844	12.1074800015	0
114.941929267	12.084970666	0
114.431181735	12.0184022069	0
113.925945475	11.9526965396	0
113.420864296	11.8940009804	0
112.891450983	11.8477682931	0
112.384037837	11.8177187723	0
111.876146687	11.8034509701	0
111.344586964	11.8041571671	0
110.836347027	11.8166218735	0
110.304510329	11.832387789	0
109.795645709	11.8470544665	0
109.286691105	11.8613403411	0
108.765783396	11.8755845953	0
108.26173697	11.8890666399	0
107.713302928	11.9035847095	0
107.194608648	11.917199463	0
106.551292231	11.9339408213	0
105.955847792	11.949285537	0
105.401077781	11.963488189	0
104.698456661	11.9813482201	0
104.160217195	11.9949425009	0
103.604573011	12.008896144	0
102.925474437	12.0258368629	0
102.354381475	12.0399658394	0
101.665558751	12.05691583	0
100.974719992	12.0737959231	0
100.282885826	12.0905816912	0
99.7059689042	12.1044889607	0
99.1288636806	12.1183187577	0
98.5518247304	12.1320402518	0
97.8592735619	12.1484208025	0
97.2820419829	12.1619836278	0
96.7047588727	12.1754658326	0
96.1274460149	12.188866835	0
95.4346486264	12.2048405429	0
94.8573295412	12.2180345345	0
94.2801981293	12.2311687639	0
93.5875139514	12.2468160958	0
92.894754982	12.2623471985	0
92.3174258374	12.2752004252	0
91.740081133	12.2879721	0
91.1630924784	12.3002936456	0
90.5866707809	12.3102572935	0
90.010326552	12.3176903476	0
89.4342863629	12.3225053699	0
88.858424684	12.3246629101	0
88.2823990453	12.3247311135	0
87.7057329935	12.3245276523	0
87.1286945768	12.3242419096	0
86.5514493348	12.3238736791	0
85.8586088762	12.3233231381	0
85.2811957905	12.3227475468	0
84.7039508844	12.3221148681	0
84.1265947984	12.3213932182	0
83.433684503	12.3204185658	0
82.8562223622	12.3195158437	0
82.2787427587	12.3185309289	0
81.701253221	12.3174637455	0
81.0084392212	12.3159696208	0
80.4317813533	12.3127648881	0
79.7403882615	12.3054213776	0
79.0493949579	12.2942847838	0
78.4737161794	12.2821799867	0
77.8974855348	12.2692395006	0
77.2053709999	12.2535848608	0
76.5128984563	12.2378029994	0
75.935699758	12.2245574104	0
75.3584351082	12.2112276536	0
74.781213763	12.1977934503	0
74.204089653	12.1842951502	0
73.5114179597	12.1679835736	0
72.934137976	12.1542985168	0
72.3568328552	12.1405302428	0
71.7795149802	12.1266791302	0
71.0867254536	12.1099485637	0
70.5095357991	12.0958952658	0
69.9323766339	12.0817757448	0
69.355143309	12.0675716464	0
68.7778700561	12.0532840174	0
68.2005752547	12.0389132179	0
67.6232697299	12.0244595551	0
67.0459588689	12.0099230928	0
66.4687482686	11.995284634	0
65.8916192977	11.9805792259	0
65.3144096309	11.9657894192	0
64.7371558319	11.9509158268	0
64.0444215839	11.9329577317	0
63.4671309889	11.9179014861	0
62.8898353535	11.9027624439	0
62.1972365657	11.884466435	0
61.6200986349	11.8691417297	0
61.0428909488	11.853732465	0
60.4656458571	11.8382396185	0
59.7729263551	11.8195384236	0
59.1956499115	11.8038628992	0
58.6183698645	11.7881046809	0
58.0412562495	11.7722437472	0
57.4641302264	11.7563163421	0
56.7714927991	11.7370919442	0
56.0788084846	11.7177472346	0
55.501554449	11.7015352293	0
54.9242935137	11.6852404202	0
54.2316115391	11.6655487362	0
53.6545603599	11.6490794456	0
53.0774159332	11.6325152886	0
52.5002200524	11.6158669482	0
51.9229969994	11.5991352047	0
51.2303113007	11.5789474407	0
50.6530663905	11.5620331403	0
50.0758671232	11.5450050976	0
49.4988280239	11.5279353652	0
48.8062648699	11.5073247328	0
48.1136376492	11.486593133	0
47.5364247927	11.4692251668	0
46.9592015347	11.4517741537	0
46.2665280547	11.4307236374	0
45.6894495391	11.4130711898	0
44.9969603687	11.3917982596	0
44.4198138058	11.3739775535	0
43.8426338779	11.356073162	0
43.1499956465	11.3344780038	0
42.572788474	11.3163907652	0
41.8801498504	11.2945542509	0
41.3031572634	11.2762874916	0
40.7260745855	11.2579313259	0
40.1489376748	11.239490766	0
39.4563363333	11.2172516939	0
38.7637160439	11.1948928898	0
38.0710883661	11.1724147118	0
37.4940132957	11.1535729205	0
36.9170005149	11.1346650296	0
36.2244863451	11.1118630408	0
35.6473485976	11.092768948	0
34.9547590388	11.0697460434	0
34.3775917438	11.0504689796	0
33.800421008	11.0311090009	0
33.2234153413	11.0116473864	0
32.6464007973	10.9921190018	0
32.0693190079	10.9725056186	0
31.4922008578	10.9528081998	0
30.799635317	10.9290612704	0
30.2224883044	10.9091808309	0
29.6453380211	10.8892174591	0
29.0683577728	10.869152596	0
28.3759534901	10.8449842931	0
27.7988821018	10.8247505965	0
27.2217796492	10.8044330815	0
26.5292362311	10.7799420461	0
25.9521090677	10.7594414904	0
25.3749817085	10.7388500843	0
24.7980633596	10.7181730238	0
24.2210703357	10.6974207411	0
23.6440193658	10.6765835447	0
23.0669378903	10.6556624985	0
22.4898405197	10.6346580326	0
21.9127359854	10.6135705446	0
21.3356285167	10.5924000901	0
20.7587008156	10.5711284489	0
20.1817439471	10.5497897234	0
19.489313853	10.524070947	0
18.9122539983	10.5025462711	0
18.3351785938	10.4809381524	0
17.7580962557	10.459246993	0
17.18101115	10.4374728505	0
16.6041059601	10.4155976962	0
16.0271716988	10.3936554061	0
15.3347688699	10.3672122472	0
14.7577318416	10.345083866	0
14.1806793553	10.3228720098	0
13.6036200251	10.3005770895	0
13.026558016	10.2781991668	0
12.4496760278	10.2557204083	0
11.8727650404	10.2331744581	0
11.1803902595	10.2060068017	0
10.6033767023	10.1832746193	0
10.0263477752	10.1604589296	0
9.449312092	10.1375601525	0
8.75686988102	10.1099598828	0
8.18004542272	10.0868728558	0
7.60314239176	10.0637059796	0
6.91078660118	10.0357934278	0
6.21839256291	10.0077600004	0
5.64138435146	9.98430708765	0
5.06437162283	9.96077114771	0
4.48739584908	9.93712172804	0
3.79522191413	9.90868168136	0
3.10292927564	9.88010545025	0
2.52597419989	9.85619893393	0
1.9489990302	9.83220864741	0
1.25661696674	9.80331040695	0
0.564230569585	9.77429259202	0
-0.0125779915231	9.75000244892	0
-0.589415335517	9.725644947	0
-1.16631632925	9.70120190307	0
-1.85437827644	9.67193997576	0
-2.4905810641	9.64479861953	0
-3.11896104863	9.61786582804	0
-3.63697991475	9.59569298852	0
-4.13762796447	9.57429252246	0
-4.64933027035	9.55229149311	0
-5.19527888205	9.52865417849	0
-5.73346397751	9.50515458396	0
-6.26922480261	9.48160318907	0
-6.80431700405	9.45790654922	0
-7.33919816055	9.43404466669	0
-7.9273305573	9.40757716029	0
-8.51551665998	9.38091582567	0
-9.05026502446	9.35649339915	0
-9.58493478812	9.33187520692	0
-10.1195599973	9.30710147489	0
-10.6542626849	9.28214950814	0
-11.1889835933	9.25702203068	0
-11.7235526	9.23169907522	0
-12.2581927488	9.20621565999	0
-12.7928849368	9.18227731794	0
-13.327633698	9.1630329393	0
-13.9160784028	9.14755156994	0
-14.4510004804	9.13675110708	0
-15.0396363809	9.12547578155	0
-15.5748390573	9.11574277426	0
-16.1095060726	9.10746933036	0
-16.6441560082	9.1038797916	0
-17.2327138424	9.10564694812	0
-17.767739987	9.11242780718	0
-18.3027588325	9.12417209252	0
-18.8373501694	9.13942435708	0
-19.4257256912	9.15565752424	0
-19.9608023158	9.16953365009	0
-20.549261503	9.18402523175	0
-21.0842342359	9.19874684467	0
-21.6191642179	9.21665033741	0
-22.153884546	9.23791536901	0
-22.7419928002	9.26524347729	0
-23.276459375	9.29362925267	0
-23.8106791295	9.3254067465	0
-24.3447592166	9.36057754715	0
-24.8785571762	9.39911033131	0
-25.412103072	9.44103746938	0
-25.9987439547	9.49107156182	0
-26.5316023761	9.54049231966	0
-27.1171779088	9.60067716079	0
-27.6487514737	9.66171717197	0
-28.2326019575	9.73611077931	0
-28.7622930888	9.81135419431	0
-29.2908435182	9.8943489717	0
-29.8181161429	9.98501789139	0
-30.3443242089	10.0822995239	0
-30.8687592735	10.1869060906	0
-31.3905528872	10.3031298301	0
-31.9088580061	10.4330981064	0
-32.4222552049	10.5807977826	0
-32.9292690602	10.7548068348	0
-33.4263771769	10.9581210499	0
-33.9118890813	11.1883438229	0
-34.4403053151	11.4457974404	0
-34.9201436066	11.6782668168	0
-35.3950295192	11.9214610402	0
-35.8617782017	12.1806877894	0
-36.3191975123	12.4603797823	0
-36.7645779827	12.7617811421	0
-37.2379411721	13.1181892658	0
-37.6516534696	13.4640221911	0
-38.0484864297	13.8294106839	0
-38.4273448041	14.2134366053	0
-38.7863037982	14.6154184467	0
-39.1582213055	15.0727376727	0
-39.4830996199	15.4980357004	0
-39.803637836	15.926114654	0
-40.122734457	16.3555892701	0
-40.4739192836	16.8267518549	0
-40.8301291046	17.2925874334	0
-41.1591164362	17.7122760615	0
-41.5229199694	18.174274081	0
-41.8535732281	18.5949989942	0
-42.1839417422	19.0160946359	0
-42.5145236484	19.4362578063	0
-42.8795532739	19.8950634257	0
-43.215271285	20.30749586	0
-43.5573115675	20.7155501597	0
-43.9049162224	21.11965517	0
-44.291162191	21.561133795	0
-44.6809320813	21.9987018088	0
-45.0404681879	22.3912366587	0
-45.4419704881	22.8186436941	0
-45.8098558766	23.203159951	0
-46.181300327	23.5837886704	0
-46.558789086	23.9585703038	0
-46.9455357484	24.3248626758	0
-47.3401922621	24.6822158678	0
-47.7415942926	25.0326188917	0
-48.1496386549	25.3758449925	0
-48.5639888841	25.7115942957	0
-48.9844496602	26.0397037328	0
-49.4538270922	26.3916536068	0
-49.8866193457	26.7033318458	0
-50.368758362	27.036035716	0
-50.814814967	27.3263615547	0
-51.2695911052	27.6035049343	0
-51.7324774263	27.8670734932	0
-52.2022373116	28.1173563626	0
-52.676318606	28.358886525	0
-53.2030623738	28.6164516756	0
-53.6859709568	28.8428101988	0
-54.1715493961	29.0621314423	0
-54.7085030367	29.2963419373	0
-55.1996621285	29.5030765417	0
-55.6937415761	29.7013740615	0
-56.1977687106	29.8820406736	0
-56.7602621385	30.055774603	0
-57.2752262795	30.1932278472	0
-57.7929286434	30.3140959017	0
-58.3137254744	30.4185426875	0
-58.8395802809	30.5058278647	0
-59.3668392129	30.5828238409	0
-59.9489169878	30.6651967365	0
-60.4786442318	30.740583392	0
-61.0611816953	30.8250849484	0
-61.5899457901	30.9041505054	0
-62.1172635946	30.9792981381	0
-62.6973729721	31.0559367613	0
-63.2249438736	31.1200455645	0
-63.7528855263	31.1790334913	0
-64.2817720305	31.2331914854	0
-64.8114594827	31.2836703526	0
-65.3433991033	31.3318943621	0
-65.8763718452	31.377800857	0
-66.4096355334	31.4222024426	0
-66.9964054928	31.4708545102	0
-67.5298939385	31.5149067543	0
-68.0738308426	31.5596119603	0
-68.6197867917	31.6043407083	0
-69.1331181124	31.6462566299	0
-69.6562881551	31.6888349819	0
-70.1830871966	31.7315586433	0
-70.7115087078	31.7742926242	0
-71.3067327311	31.8222684213	0
-71.9022531156	31.8700825602	0
-72.4315192562	31.9124353592	0
-72.9609318797	31.954671761	0
-73.4904137649	31.996779522	0
-74.0859105372	32.0436807574	0
-74.6812394169	32.0879592795	0
-75.2088208	32.1230047619	0
-75.7367213383	32.1536722724	0
-76.2651421517	32.1797966748	0
-76.7930188387	32.2005731832	0
-77.3874410812	32.2160994321	0
-77.982713694	32.223312574	0
-78.5108272773	32.2244218655	0
-79.0387010041	32.2211648534	0
-79.6329684116	32.2132058719	0
-80.1629795974	32.2055550813	0
-80.6936753971	32.1977593381	0
-81.2246219548	32.189797124	0
-81.7555028478	32.1817269922	0
-82.286532632	32.1735137934	0
-82.8177263697	32.1651631528	0
-83.327988176	32.1570217575	0
-83.8819551406	32.1480982222	0
-84.5314082963	32.1375431821	0
-85.1149652824	32.1279792383	0
-85.8416646737	32.1159585233	0
-86.4590000088	32.1056458616	0
-87.0819961469	32.0951461085	0
-87.5827318341	32.086641682	0
-88.0845878804	32.0780395736	0
-88.5871258284	32.0693833482	0
-89.0902260426	32.0606609956	0
-89.593676799	32.0518762063	0
-90.097345956	32.0430313559	0
-90.6011510429	32.0341279364	0
-91.1050405876	32.0251668834	0
-91.6089824641	32.016148783	0
-92.2389537333	32.004796455	0
-92.8687422348	31.9933341038	0
-93.3726204149	31.9841137883	0
-93.8765533897	31.9748363765	0
-94.3805201738	31.9655022498	0
-94.8845076675	31.9561116518	0
-95.3885076921	31.9466647337	0
-96.0185178757	31.9347770008	0
-96.5225302693	31.9252036518	0
-97.0264628465	31.9155524052	0
-97.6561946729	31.9034902538	0
-98.1599335329	31.8951019938	0
-98.789783848	31.8870040337	0
-99.2937529165	31.8824323973	0
-99.7977705294	31.8795564828	0
-100.427778789	31.8783355517	0
-100.931780122	31.8792701866	0
-101.435806794	31.8819010034	0
-101.939675592	31.886089287	0
-102.443002239	31.8904552894	0
-102.946552018	31.8947834718	0
-103.45030627	31.8990573957	0
-103.954188309	31.9032765287	0
-104.458150275	31.9074404993	0
-104.962162296	31.9115490789	0
-105.466205723	31.9156021263	0
-105.970268919	31.9195995543	0
-106.474342205	31.9235315655	0
-106.978236601	31.9274007533	0
-107.608184823	31.9321700176	0
-108.112201169	31.935923065	0
-108.616248288	31.9396205463	0
-109.246333625	31.9441641218	0
-109.750414619	31.9477363392	0
-110.380525217	31.9521232628	0
-111.010619807	31.9563967563	0
-111.514518187	31.959772326	0
-112.018489647	31.9630858576	0
-112.522509856	31.9663438982	0
-113.026560624	31.9695463308	0
-113.656635433	31.9734701527	0
-114.160244599	31.9756299139	0
-114.789334079	31.9755871358	0
-115.418039166	31.9724467724	0
-115.920882382	31.9677878661	0
-116.549965548	31.9612579269	0
-117.053570367	31.9559651345	0
-117.683320014	31.9492676325	0
-118.313226004	31.9424809052	0
-118.817215298	31.9369877734	0
-119.32123852	31.9314382561	0
-119.825256958	31.9258058714	0
-120.329115581	31.9201467286	0
-120.833054106	31.9144231318	0
-121.463047994	31.9071890436	0
-121.967076633	31.9013383971	0
-122.597136166	31.8939460829	0
-123.227210873	31.8864660453	0
-123.731276399	31.8804189636	0
-124.235337494	31.8742980332	0
-124.739212701	31.8681337161	0
-125.243149276	31.8619131732	0
-125.747136312	31.8556359873	0
-126.251154579	31.8493023936	0
-126.755192073	31.8429125446	0
-127.259241299	31.836466535	0
-127.763297575	31.8299644232	0
-128.393373374	31.8217579667	0
-128.897358199	31.8151065334	0
-129.401241833	31.8084208581	0
-129.905193479	31.8016750275	0
-130.53519045	31.7931631534	0
-131.039215109	31.786290275	0
-131.543253879	31.7793611799	0
-132.047301165	31.7723759436	0
-132.551353472	31.7653346126	0
-133.055408616	31.7582372152	0
-133.55931063	31.751062273	0
-134.063216103	31.74384802	0
-134.567178632	31.7365768038	0
-135.197179605	31.7274083046	0
-135.701203127	31.7200101136	0
-136.205238334	31.7125557147	0
-136.709280522	31.7050451759	0
-137.21332675	31.6974785386	0
-137.717358952	31.6898320854	0
-138.34718484	31.6802247069	0
-138.851119607	31.6724705885	0
-139.355097352	31.6646597538	0
-139.859101593	31.6567924561	0
-140.363122041	31.6488688561	0
-140.867152271	31.6408890537	0
-141.371188271	31.6328531102	0
-142.001237543	31.6227293123	0
-142.50513835	31.6145462335	0
-143.135004535	31.6042590579	0
-143.638958962	31.5959651395	0
-144.14294569	31.5876146226	0
-144.646952228	31.5792077152	0
-145.276976558	31.5686199977	0
-145.781003504	31.5600866104	0
-146.284625805	31.5511152924	0
-146.787869771	31.5403263352	0
-147.290838215	31.5277874886	0
-147.793931064	31.5149810415	0
-148.423232047	31.4988861623	0
-148.926880648	31.4859368668	0
-149.430638937	31.4729242293	0
-149.93446509	31.4598493071	0
-150.438333002	31.4467127616	0
-151.068202297	31.4302060616	0
-151.571961255	31.4169125313	0
-152.075727151	31.4035746633	0
-152.579554795	31.3901745404	0
-153.083420372	31.3767128847	0
-153.587309015	31.3631900775	0
-154.091211441	31.3496063563	0
-154.721100363	31.3325412373	0
-155.225015838	31.3188209138	0
-155.728922232	31.305017954	0
-156.358583607	31.2877077865	0
-156.862383121	31.2737864743	0
-157.366162561	31.2597781911	0
-157.869243017	31.2445391415	0
-158.371985882	31.2273376589	0
-159.000387796	31.2037296572	0
-159.503515592	31.1845982037	0
-160.006874031	31.1654017767	0
-160.636266308	31.1413194798	0
-161.139872575	31.1219866304	0
-161.769445812	31.0977387458	0
-162.273134683	31.0782758702	0
-162.776666728	31.0587385595	0
-163.280233394	31.0391605925	0
-163.783859451	31.0195239349	0
-164.287521748	30.9998295131	0
-164.917129004	30.9751311159	0
-165.420828074	30.955308462	0
-166.050460204	30.9304505425	0
-166.680095907	30.9055044599	0
-167.183681988	30.8854667171	0
-167.813123488	30.8603608497	0
-168.44264887	30.8351636323	0
-168.946302949	30.8149410821	0
-169.44997399	30.7946614881	0
-169.953654763	30.7743251361	0
-170.457340755	30.7539322026	0
-171.08695151	30.7283616025	0
-171.590578319	30.7078139659	0
-172.09408023	30.6872481104	0
-172.723550337	30.6614453221	0
-173.227170313	30.6407378567	0
-173.729515208	30.6200261533	0
-174.345211033	30.594572177	0
-174.950184227	30.5694855974	0
-175.547501162	30.5446373317	0
-176.253235101	30.5151506391	0
-176.952227992	30.4858485771	0
-177.649015638	30.4565212902	0
-178.230073552	30.4319733381	0
-178.811917744	30.4073080319	0
-179.394196212	30.3825405174	0
-180.093136224	30.3526786159	0
-180.792126077	30.322705593	0
-181.374769411	30.2976298404	0
-181.957483934	30.2724675248	0
-182.540236655	30.2472199744	0
-183.123008639	30.2218880913	0
-183.705790006	30.1964722056	0
-184.288483066	30.1709550742	0
-184.871077241	30.1453718881	0
-185.57029637	30.1145572804	0
-186.269572778	30.0836198514	0
-186.85165599	30.0577748475	0
-187.406673738	30.0330861646	0
-187.94634711	30.0090375319	0
-188.46651758	29.9858306103	0
-188.972294968	29.9631287468	0
-189.484462903	29.9400002031	0
-190.083259385	29.9127562105	0
-190.637420791	29.8873225462	0
-191.138383961	29.8642028525	0
-191.639347964	29.840006137	0
-192.140483331	29.8135262251	0
-192.639785248	29.7811831563	0
-193.193379173	29.7347066642	0
-193.745879352	29.6813103436	0
-194.352435358	29.604344762	0
-194.847725811	29.5130104077	0
-195.337741125	29.4043221063	0
-195.878023906	29.2638416318	0
-196.36006228	29.1195298187	0
-196.837690092	28.9674467332	0
-197.310053286	28.8031035215	0
-197.828390629	28.6047278525	0
-198.340334537	28.3882006148	0
-198.794490195	28.1770646534	0
-199.242777047	27.9484273031	0
-199.682686364	27.7003732006	0
-200.111862705	27.4296122255	0
-200.528144343	27.1369097984	0
-200.973408487	26.7868847071	0
-201.356564322	26.4509864598	0
-201.72034625	26.0963983024	0
-202.101769404	25.6778210576	0
-202.422608696	25.2804106866	0
-202.720933391	24.8657081569	0
-202.996921467	24.4376154584	0
-203.252655528	23.9982139289	0
-203.488057893	23.5494395984	0
-203.705610112	23.0960229282	0
-203.909344449	22.6392401597	0
-204.123690612	22.1274832191	0
-204.34967745	21.5596164254	0
-204.526820603	21.0914304863	0
-204.695830523	20.6203415905	0
-204.874392182	20.0943967613	0
-205.027572164	19.6181878984	0
-205.184404151	19.0856403459	0
-205.309552802	18.6013663231	0
-205.418115293	18.1107853213	0
-205.508435927	17.6137116682	0
-205.579498928	17.1119303352	0
-205.630703679	16.6076957212	0
-205.662890181	16.1050573529	0
-205.676711175	15.6032864005	0
-205.684645024	15.1012381949	0
-205.693302772	14.5428589396	0
-205.700941826	14.0401506056	0
-205.70840905	13.5374542166	0
-205.71647678	12.9789457268	0
-205.722770482	12.4766754719	0
-205.727324651	11.9191500115	0
-205.727161412	11.4187387483	0
-205.721783449	10.8638779165	0
-205.71219076	10.308061023	0
-205.703254042	9.80617983588	0
-205.694711966	9.30374222198	0
-205.685773468	8.74538367491	0
-205.678179874	8.24268175193	0
-205.671025021	7.73991963377	0
-205.664284945	7.23722392881	0
-205.658001308	6.73454110076	0
-205.652156316	6.23177496255	0
-205.646750648	5.72897684699	0
-205.641758322	5.22628711041	0
-205.637223587	4.72356329007	0
-205.633127982	4.22077216997	0
-205.629471884	3.71795561865	0
-205.626230718	3.21525491083	0
-205.623445897	2.71248804484	0
-205.620308622	2.21010457359	0
-205.61428567	1.70899910853	0
-205.603194901	1.20801913547	0
-205.588336638	0.706652766595	0
-205.573157127	0.204560865056	0
-205.556792878	-0.353721381821	0
-205.542508224	-0.856301759977	0
-205.528669603	-1.35876346485	0
-205.51527181	-1.86135700404	0
-205.502312184	-2.36400740773	0
-205.489766024	-2.86664669747	0
-205.477682199	-3.36918924798	0
-205.466032379	-3.87184247031	0
-205.454821204	-4.37454050347	0
-205.44402568	-4.87718170368	0
-205.43368662	-5.37979040885	0
-205.422712208	-5.93834895974	0
-205.413298675	-6.44108883135	0
-205.404298909	-6.94371618302	0
-205.395756646	-7.44639249533	0
-205.387652887	-7.94913659245	0
-205.37998844	-8.45190855905	0
-205.372736102	-8.95454042521	0
-205.365942579	-9.45725973689	0
-205.359587975	-9.9600346474	0
-205.353653042	-10.4628278912	0
-205.348167955	-10.965466691	0
-205.342590117	-11.5240850787	0
-205.337554641	-12.0827546701	0
-205.333464882	-12.5854948031	0
-205.329452013	-13.1440887175	0
-205.32630406	-13.6468899835	0
-205.323595764	-14.1497136751	0
-205.321075754	-14.708272925	0
-205.319287457	-15.2110561534	0
-205.317938822	-15.7138767582	0
-205.31700831	-16.2166504815	0
-205.316530992	-16.7193808254	0
-205.316516126	-17.2780528959	0
-205.316966962	-17.7808823785	0
-205.317832073	-18.2835955408	0
-205.319153903	-18.786366522	0
-205.320915677	-19.2891811059	0
-205.323086133	-19.7919905802	0
-205.325729809	-20.2946867181	0
-205.328795991	-20.7974447559	0
-205.330960541	-21.299607293	0
-205.326022635	-21.7999719192	0
-205.305284081	-22.3543246603	0
-205.265673502	-22.9078700009	0
-205.198975646	-23.4625471192	0
-205.105292851	-23.9574976464	0
-204.975271459	-24.4470885561	0
-204.812097064	-24.9289049358	0
-204.612951684	-25.3952741862	0
-204.37066499	-25.8405626617	0
-204.086286696	-26.262636679	0
-203.778498834	-26.6662576465	0
-203.456806201	-27.0551279879	0
-203.086071368	-27.4715528955	0
-202.741851214	-27.8343325691	0
-202.347842939	-28.224675883	0
-201.900166831	-28.6393642822	0
-201.524143883	-28.9692852156	0
-201.141383112	-29.2922936153	0
-200.752420725	-29.6069061513	0
-200.356458189	-29.9129013339	0
-199.908348245	-30.2419715981	0
-199.494000957	-30.523923198	0
-199.012944071	-30.8111568504	0
-198.561597587	-31.042324042	0
-198.095596389	-31.2455190063	0
-197.616896178	-31.4184735584	0
-197.072701527	-31.5741123909	0
-196.574267344	-31.6805326899	0
-196.071931324	-31.7593452881	0
-195.517159991	-31.8441066718	0
-195.019343543	-31.9200059939	0
-194.522053566	-31.9956521389	0
-194.024938243	-32.071143644	0
-193.47359274	-32.1529493109	0
-192.978435304	-32.2226503992	0
-192.428128265	-32.2929601065	0
-191.93088788	-32.3477519669	0
-191.378272791	-32.3975267877	0
-190.769122649	-32.4375910237	0
-190.215066034	-32.4585760456	0
-189.660075763	-32.4647930435	0
-189.050338621	-32.4556721094	0
-188.550513123	-32.4416565142	0
-188.048884588	-32.430033006	0
-187.546513412	-32.4211907459	0
-187.043925555	-32.4142536723	0
-186.541284041	-32.4091361729	0
-185.982660481	-32.4055713988	0
-185.479857665	-32.4042617262	0
-184.977185747	-32.4047552534	0
-184.418558776	-32.4074342657	0
-183.915771597	-32.4117565568	0
-183.413107745	-32.4178605348	0
-182.910427042	-32.4255058308	0
-182.407689553	-32.4336862341	0
-181.904939311	-32.4422840669	0
-181.346474707	-32.4523704021	0
-180.843770497	-32.461910873	0
-180.341044237	-32.4718918482	0
